gene_name	wt_1	wt_2	wt_3	del_1	del_2	del_3
LSR1	229310	345502	389141	452267	437241	812737
NME1	119	75	319	190	266	1136
Q0010	1	1	2	1	8	13
Q0017	7	17	6	21	26	4
Q0032	0	0	0	0	0	2
COX1	491	1025	710	3113	1963	4164
AI3	313	511	322	1648	871	1783
AI4	1014	1534	799	3369	1774	3247
ATP8	171	154	135	381	438	174
ATP6	706	973	921	3198	2551	3960
Q0092	0	0	0	0	0	0
COB	1453	2225	1976	11933	8639	9266
OLI1	432	387	731	1222	1220	3031
VAR1	88	95	88	204	207	329
Q0142	5	17	5	55	33	45
Q0143	0	0	1	1	4	1
SCEI	175	349	272	542	431	914
Q0182	124	201	124	109	111	149
COX2	1122	2473	1511	4535	3667	7850
Q0255	309	382	327	1019	946	1389
COX3	2318	4053	2709	8900	7895	9133
Q0297	0	0	0	0	0	0
RDN18-1	0	0	0	0	0	0
RDN18-2	0	0	0	0	0	0
RDN25-1	0	0	0	0	0	0
RDN25-2	0	0	0	0	0	0
RDN37-1	0	0	0	0	0	0
RDN37-2	0	0	0	0	0	79
RDN5-1	0	0	0	0	0	0
RDN5-2	0	0	0	0	0	0
RDN5-3	0	0	0	0	0	0
RDN5-4	0	0	0	0	0	0
RDN5-5	0	0	0	0	0	0
RDN5-6	0	0	0	0	0	0
RDN58-1	0	0	0	0	0	0
RDN58-2	0	0	0	0	0	0
RNA170	18	14	29	13	18	37
RUF5-1	0	0	0	0	0	0
RUF5-2	0	0	0	0	0	0
TFC3	3575	4954	4410	3836	3527	4738
VPS8	1201	1615	1275	1008	1044	1342
EFB1	58114	55499	53798	69526	85729	61624
SSA1	20327	26207	23682	5179	6016	7025
MDM10	517	608	594	513	540	607
SWC3	624	1026	820	797	814	1383
CYS3	3567	3013	2892	2523	3404	4628
DEP1	605	947	649	983	1067	1490
SYN8	1004	1425	1097	1310	1335	2064
NTG1	766	955	824	703	733	1001
TPD3	4847	6162	5395	6077	6393	7560
PSK1	4878	6532	5813	3549	3868	4936
ATS1	474	523	482	1068	1286	1516
CCR4	2608	2511	2207	2197	2614	3579
PMT2	6256	7659	5800	6568	7312	12263
LTE1	1244	1622	1343	1487	1512	2148
DRS2	5020	6960	5450	5766	6135	8010
FRT2	329	407	388	236	284	501
MYO4	3941	5878	4507	5432	5094	7708
GIP4	633	886	729	637	623	847
PRP45	677	1036	841	859	929	1403
POP5	431	599	495	576	598	849
YAL034C-B	18	12	19	43	66	48
MTW1	318	450	442	471	499	622
FUN12	15978	23953	16782	28307	32384	39381
RBG1	1170	1692	1187	2269	2456	3356
CDC19	103844	120464	99219	103603	122674	223451
CYC3	716	1131	1030	611	727	1141
CLN3	246	199	189	148	155	193
CDC24	1928	2303	2173	2142	2332	2874
YAL042C-A	4	2	9	6	5	34
ERV46	6549	8317	7361	8472	9541	15426
PTA1	1443	1814	1465	2270	2627	3984
SPC72	303	402	338	335	394	516
GEM1	367	574	493	393	426	581
OAF1	1494	1662	1693	1535	1572	2180
FLC2	1552	1989	1849	1970	2268	3266
ACS1	185	225	240	112	120	223
PEX22	234	388	337	206	224	255
YAL056C-A	5	5	2	5	10	14
GPB2	2864	4163	3544	4182	4400	5685
CNE1	622	947	804	905	944	1473
BDH1	1907	2811	2815	1131	1182	2289
GDH3	110	176	178	105	126	148
TDA8	0	0	0	0	1	2
SWD1	1029	1353	1376	1666	1768	1890
RFA1	1782	2428	1947	1934	1926	3011
SEN34	479	919	603	816	855	824
YAR009C	14	24	20	5	7	17
YAR010C	0	0	0	0	0	0
KIN3	661	830	741	1178	1249	1812
CDC15	375	375	359	389	404	559
SWH1	2437	2406	2350	2054	2397	3026
FLO1	24	21	28	37	30	39
HTA2	4599	7654	6228	7262	8497	7676
PDR3	1809	2453	2465	879	958	1358
LDB7	1773	2552	2214	1912	1885	2447
SCT1	2680	3634	2913	2444	2498	5009
FMT1	174	156	158	164	195	264
FUS3	646	949	666	842	868	1624
PEP1	10522	15083	11792	13226	14858	18035
APN2	555	703	657	634	638	726
PIM1	8687	10625	8449	8933	9285	13872
NCL1	4082	5828	4194	7725	9159	11338
LSM2	3472	3477	3963	3702	4505	2592
RPL19B	30424	42711	36179	51974	58647	64374
PET9	2731	3295	2897	3678	3867	4834
HEK2	3735	4136	3984	2634	3237	3734
MRPL16	1015	1790	1656	1068	1230	1780
YBL039W-B	61	112	164	70	65	90
PRE7	3206	4732	3808	4211	4165	5629
COR1	2040	2219	2059	2401	2321	4072
EDE1	13795	15363	12863	9721	11205	14251
SEC17	2032	4174	3016	2360	2552	3151
PIN4	2386	2344	2087	937	1105	1589
SAS3	1655	2987	2034	2147	1663	2809
TOD6	578	772	611	1359	1513	1979
YBL055C	670	1078	834	949	1062	1165
SHP1	3729	5081	4228	3886	4028	6944
SKT5	1725	2845	2085	3123	3155	4389
KIP1	1093	1193	1204	1085	1031	1522
KTI11	511	875	715	641	705	885
RPS8A	10816	14894	12664	13709	16943	23314
SSA3	593	942	758	980	925	1357
ILS1	23967	34573	23877	28336	29900	39877
ATG8	651	841	962	688	684	933
NUP170	3756	4952	3948	5178	5861	7593
ALG3	480	470	438	526	587	1074
CDC27	316	408	365	320	358	534
BOI1	1877	2127	1942	1623	1779	2999
RPL23A	7767	11428	7166	14866	16945	23410
MRP21	1390	1592	1539	999	1195	1502
RPL32	17759	18035	21325	30894	36226	58727
ROX3	1916	2602	1945	2350	2395	3563
YBL100W-A	0	0	0	0	0	0
YBL100W-B	77	102	83	54	56	100
YBL100W-C	8	13	14	7	12	11
ECM21	2311	2889	2474	1807	1856	2678
SEA4	1000	1360	1145	1411	1471	2107
PKC1	2986	4140	3443	4024	4054	5514
SRO77	672	959	768	608	588	908
GPI18	358	586	553	534	619	642
RCR1	178	219	197	297	335	652
UGA2	874	1111	1184	481	533	628
HHT1	7563	5241	7205	5315	6932	10193
IPP1	24058	19052	20263	19912	26071	25863
MNN2	2749	3936	3094	3801	4211	7121
CHS3	3177	5011	3394	4779	4729	7327
ETR1	898	1178	1191	843	906	1260
CDS1	1515	1959	1683	1194	1486	2181
RPL4A	1431	1318	1260	1857	2199	3804
HMT1	4298	4717	3945	7015	8041	9464
CSG2	2104	2635	2340	2408	2785	4214
SCO1	999	1361	1166	945	1063	1463
CST26	947	1298	1087	1147	1216	1689
QDR3	1076	1789	1434	1000	1110	1752
RPS11B	11327	16533	12081	17153	17486	25817
REB1	3238	4579	3739	4105	4037	5960
PRP6	1947	2681	2285	3285	3230	4045
MUM2	887	1293	1036	1305	1273	2049
UBP14	1578	2123	1736	1884	2015	2356
ORC2	1064	1102	1097	1201	1263	2110
TRM7	437	547	508	763	852	1016
ECM2	534	708	667	1020	874	1428
TAT1	1941	2560	2232	3651	4071	7327
RDH54	4335	5401	4691	6899	7317	9342
YBR074W	2820	4317	3430	4220	4779	5473
SLM4	776	1121	1033	911	995	1007
RPG1	11962	14312	11609	16102	19379	22120
SEC18	2598	4204	3521	2887	3274	4122
SPT7	1986	2824	2271	2614	2686	3459
TEC1	979	1024	842	1096	1002	1778
RPL19A	22241	32238	22669	35824	36650	55758
AAC3	256	397	266	467	527	694
POL30	1250	1166	1200	1334	1387	1929
NHP6B	205	199	298	175	209	658
TIM12	214	235	236	304	410	650
PHO3	909	1378	903	3254	3632	6646
PHO5	1419	3214	1021	95	84	205
RXT2	1539	1800	1578	1819	1944	2388
VPS15	1311	1901	1570	1580	1536	2095
MMS4	566	768	569	628	639	828
EXO84	1462	1926	1627	1589	1701	2031
SIF2	1013	1539	1285	1409	1480	1964
VID24	821	987	931	554	648	1053
IML3	254	503	376	351	332	489
CMD1	5367	4526	5241	3672	5033	3987
YSA1	2442	3025	3133	2423	2762	3763
CYC8	3583	3245	3313	3139	3430	6118
RAD16	739	1016	941	1171	1195	1773
TEF2	8536	9786	9401	7790	9012	16521
MUD1	332	367	437	322	370	566
GRS1	17690	28542	19926	24468	28007	36134
MRPL36	1710	2482	2090	1577	1604	2271
TFC1	1391	1704	1562	1689	1691	2226
PTC4	891	1189	1006	1141	1184	1461
TPS1	8127	11106	10027	5382	5916	9311
VMA2	33439	46471	38258	40660	44278	61887
ATG14	265	294	325	206	154	266
CCZ1	589	933	736	891	930	1123
MEC1	1731	2420	2038	2112	2106	2691
YBR138C	451	513	509	500	533	838
IRA1	4735	6599	5181	5223	5124	6635
SUP45	7847	11814	8681	14476	15402	20100
RTC2	462	716	638	78	138	109
RPB5	1254	2067	1627	2979	3268	5767
AMN1	3234	3951	3418	2963	3097	4379
CDC28	741	1395	1170	1398	1579	1870
EXO5	942	1359	1286	1334	1383	1861
ARL1	1223	2193	1614	2108	2194	2415
POP7	412	594	557	694	732	780
NPL4	2358	3185	2787	2813	3082	3717
SEC66	2311	3793	2645	3389	3666	3911
UMP1	942	783	1106	893	1250	1648
SWD3	460	617	515	709	825	1143
RPS6B	5588	6337	5573	7294	7708	10065
YPC1	944	1404	1109	1025	900	1475
RPS9B	42402	58640	40914	64554	76481	97715
RPL21A	13171	14866	14418	23395	26974	28075
RIM2	566	989	731	841	795	976
AIM4	402	592	555	505	563	589
MSI1	430	567	502	511	562	786
PGI1	33263	38069	31139	21521	26645	32427
TAF5	2765	3839	2990	4510	4877	6291
BEM1	1478	1919	1645	1827	1967	3049
MCM7	2245	2862	2319	2905	3348	4832
DUR1,2	3095	4044	3272	1447	1414	2283
AME1	481	811	569	588	611	776
NGR1	890	1005	1025	563	670	1232
ATG12	371	517	508	501	520	731
PCS60	1177	1223	1220	555	640	1009
ROT2	2898	3619	3440	2652	2818	3760
SWC5	362	569	491	551	605	679
PBP2	542	705	670	498	575	818
PRP5	892	1293	1110	1767	1703	2553
THI2	47	67	59	42	50	77
ALG7	1426	2039	1667	1556	1893	1676
GPX2	883	1192	1171	1321	1914	1455
ISW1	5606	7285	5521	8023	8550	10893
RRT2	998	1339	1141	1665	2068	2425
ENP1	1866	2685	2035	3840	4421	5351
SRB6	811	1416	1074	1170	1233	1757
SHG1	158	355	291	325	312	346
TAE1	776	1005	890	711	787	1269
AIM5	1946	2749	2436	1223	1378	1212
SHM1	3180	4019	3288	4046	4428	7318
MRPL37	824	1563	1171	807	927	975
UBX7	1150	1760	1500	1395	1330	2278
MRPL27	1669	2361	2024	1494	1582	1583
APE3	11617	14985	14161	14826	16291	23666
YBR287W	1472	2549	2195	2130	2314	2574
APM3	927	1603	1188	1762	1924	2369
SNF5	1657	1806	1717	1618	1846	2490
SUL1	16	33	37	23	52	70
PCA1	960	1394	1456	1156	1430	1554
PHO89	242	579	150	85	58	88
MAL33	188	191	228	169	166	196
MAL31	172	343	217	343	302	565
MAL32	10	7	5	5	6	6
PAU24	1	1	3	0	1	5
PGS1	123	160	163	151	174	173
VMA9	825	1269	1242	1022	1503	1174
YCL007C	27	23	18	27	33	73
STP22	561	582	520	487	497	918
GBP2	2963	6428	4142	7220	7341	8783
YCL012C	666	986	1060	978	1091	1135
BUD3	2145	2882	2441	2306	2587	3516
NFS1	2366	3252	2922	2129	2431	3415
AGP1	4155	5043	4358	1954	2059	2710
FRM2	51	77	72	16	26	32
HBN1	54	62	74	50	61	87
RNQ1	2912	4169	3634	2658	3054	4141
BIK1	1056	1202	1106	1256	1366	2179
MXR2	455	569	501	309	319	545
GFD2	410	579	363	926	1031	1620
ATG22	999	1975	1404	1156	1072	1297
GID7	676	701	707	435	431	696
GLK1	7478	7741	7788	2611	2745	5695
PDI1	11355	12887	10697	10382	12993	20685
APA1	2573	2691	2655	2427	3036	3033
MOS1	1191	1417	1550	1285	1555	1296
FYV5	20	18	13	25	34	88
MRC1	1588	2104	1936	1809	1584	2768
VAC17	599	694	669	645	778	1038
HMLALPHA1	0	0	0	0	0	0
HMLALPHA2	0	0	0	0	0	0
MRPL32	1462	1628	1810	1270	1536	1497
SAT4	1740	2649	2161	2281	2205	3718
RVS161	2634	3770	3548	2004	2034	3135
ADY2	13	20	30	37	14	27
POL4	681	1127	902	1144	946	1135
PET18	216	330	291	215	224	235
MAK31	161	316	274	280	300	324
HSP30	131	161	201	43	49	86
RHB1	320	488	373	538	546	839
SYP1	1542	1622	1377	1133	1352	1551
RPS14A	24485	32714	30687	44275	56300	58186
FEN1	853	1483	1116	1345	1732	1778
MATALPHA2	0	0	0	0	0	0
MATALPHA1	0	0	0	0	0	0
TAF2	1978	3404	2406	4241	4093	4593
PER1	1617	2444	1953	2287	2455	2700
RRT12	19	9	14	13	21	35
ARE1	636	800	718	724	811	1898
PWP2	2842	3877	2645	5871	6905	7729
YCR061W	539	514	523	293	293	613
BUD31	118	134	132	146	189	214
ATG15	942	1034	1123	568	794	869
CPR4	1245	1618	1584	865	968	1730
SOL2	992	1173	1085	1156	1346	2295
PAT1	4634	5374	4669	5485	6575	8478
PTC6	639	752	664	555	554	829
SRB8	1113	1340	1307	1478	1476	1977
TUP1	2194	2168	1734	1532	1718	2814
KIN82	395	367	469	317	314	474
CDC39	6456	8028	6438	7298	8137	10743
HMRA2	0	0	0	0	0	0
HMRA1	0	0	0	0	0	0
ADH7	19	38	35	53	64	86
NHP10	1423	2134	1681	2014	1989	3483
MCD1	2049	2858	2423	2038	2083	2827
PTC1	462	708	572	736	741	1183
RPT2	7082	9543	7431	9301	9805	11342
SLX5	1753	2500	2120	2528	2678	4089
NOP1	7716	9658	6497	12272	14097	22109
CDC7	383	513	436	504	553	652
RPN4	1866	2349	2115	2401	2519	3023
GPD1	7223	7535	7192	3816	4037	6158
YDL023C	42	15	29	23	19	77
MPS1	1021	1210	1165	1324	1265	1957
ARP2	4593	7310	5708	5217	5176	7788
SLM3	368	558	476	510	457	869
PRM7	38	39	18	88	70	90
NAT1	5675	8255	6905	7683	8504	11015
SIR2	712	751	736	874	909	1419
PRP11	305	504	369	641	635	840
MTF2	504	708	620	627	657	912
MRP10	852	901	1200	591	706	828
LHP1	3024	3599	3379	4059	4626	4799
PSA1	14616	19919	15294	11518	12505	17891
USO1	5493	8593	6862	6988	5521	8590
RPS29B	17993	18739	19485	25790	31395	15849
PEX19	2532	3314	2841	2697	2834	3022
YDL071C	3	3	3	4	12	12
RPL31A	17654	26439	21043	37584	40507	40086
VAM6	916	1211	1014	1110	1093	1651
THI3	783	1234	877	967	942	1299
RPP1A	16278	20661	16908	27426	33137	31405
RPL13A	13116	18089	13066	17229	19339	25263
RPS16B	6053	13792	8326	11881	13687	14680
NDE2	112	134	187	39	50	92
LUC7	302	460	371	382	449	578
ASM4	786	889	854	972	1049	1678
RAM1	660	1019	882	1039	1151	1639
RPN6	3974	5486	4653	5471	6259	6209
GET3	5726	7117	5994	7889	8786	11554
POL3	2468	3085	2568	2868	3267	3339
QRI1	1429	2055	1596	1138	1272	1859
NSE4	294	466	382	474	517	674
PHO2	958	1094	965	1108	1105	1345
ATG20	1057	1512	1449	1160	1164	1827
PCL2	471	461	404	383	351	662
VCX1	2804	3552	3228	2871	3134	5668
RPP1B	18352	21557	16236	22286	28301	32548
STF1	1119	1301	1610	414	459	422
RPL41B	2960	4422	4576	4872	4954	12268
PPH21	2252	3132	2441	3149	3139	4684
RPL35B	7575	8877	7389	14121	15714	13950
RPO21	7245	10145	7457	7538	7785	10361
BPL1	1384	1715	1475	1484	1638	2408
CRD1	548	795	566	624	612	849
CCT4	4800	6768	5203	9573	10056	15143
COP1	14883	18450	15327	14235	16143	22064
RPN5	8304	11741	9659	8263	8947	8618
NOP14	4268	6039	4503	8892	8924	11361
ATG9	1215	1538	1462	702	851	1121
RPC53	1502	2326	1716	3482	3897	5712
SAS10	1164	2947	1684	4710	4585	4192
YDL159C-B	1	2	1	5	2	5
YDL159W-A	0	0	0	0	0	1
CDC9	1213	1757	1340	1517	1614	2021
CDC36	786	1207	1138	1139	1203	1633
SFA1	1734	2466	1957	2218	2603	3435
DLD2	1816	3075	2639	2147	2293	2529
RPL41A	3020	3008	3873	4684	4163	16645
VMA1	32206	49029	33974	45083	52232	70146
PPH22	1533	2135	1814	1828	1862	2935
RPL35A	14129	18935	13489	24759	27359	19787
SEC31	7122	8687	6628	6179	7435	7938
GGC1	1053	1603	1113	631	646	1138
MGT1	420	456	554	237	277	293
MRPL11	1001	1767	1392	1175	1122	1478
HEM3	1352	2213	1619	2130	2004	3666
GLE1	702	947	851	1088	1029	1434
CWC2	569	1121	747	1151	1129	1379
SHR3	3187	5496	4507	6291	7326	9075
GDH2	2239	3081	2760	1991	2120	2889
RRI1	333	464	450	367	357	495
DTD1	826	1313	990	1069	1186	1396
CDC13	371	467	417	407	436	631
SHS1	1991	3281	2376	2440	2547	3258
SSB1	17483	19744	14364	25939	30741	39812
AIM6	2064	3266	2467	2264	2376	3513
YRB1	7182	10919	10176	9836	11392	12226
RCR2	1104	1747	1550	1458	1345	2059
RPL4B	916	904	1071	1007	1162	1970
PSF1	236	344	323	271	327	475
RAD61	539	731	639	560	548	902
GCV1	5972	7820	8521	1545	2202	2551
DAS2	306	459	382	721	767	1017
CIS1	454	573	612	155	173	212
SES1	11668	15564	11352	16201	18418	17785
RPS11A	11757	14411	13682	18590	20262	31314
VPS54	2261	3681	3140	3033	2928	4193
REG1	6291	7727	7168	4549	4511	6712
EHD3	1005	1020	1033	564	637	855
KRS1	14734	18974	15710	15839	18957	24422
ENA1	203	356	287	281	283	209
RPC11	737	1606	1127	2004	1984	2179
BAP3	4304	6169	5174	5827	6604	9909
HEM12	1252	2333	1487	2079	2100	2921
DBF4	1736	2359	2047	2246	2159	4085
CDC34	1592	2300	1988	2372	2365	4300
PST1	2409	2516	2444	1635	1930	1715
MAK21	6826	9567	6928	13752	14386	17880
LCB2	6083	8465	6490	8810	8662	10455
AIM7	845	696	930	572	707	1121
RPS13	42932	54495	43697	50928	61978	52769
DOA4	380	467	460	361	402	509
IPT1	2223	3030	2976	2794	3109	4208
TPS2	5847	6553	6611	3663	3892	6084
VPS41	1206	1777	1655	1530	1546	1784
SLU7	1163	1637	1469	1580	1485	2155
MSH6	4136	5571	4277	4309	4899	4653
BMH2	9532	9748	10695	3533	4136	6652
STE5	880	1107	986	1304	1375	1991
TRS85	860	1123	868	920	957	1345
FOB1	968	1308	1189	1390	1318	1756
TMA64	1297	1607	1428	1547	1700	1821
INO2	347	540	513	475	496	633
SWF1	213	237	238	170	166	238
MTC5	2396	3777	2746	3209	3345	3921
SAC6	7122	9723	8022	8897	9312	13172
HPR1	1870	2483	2172	2196	2421	2900
PEX7	671	984	824	785	851	1055
MKC7	1117	1410	1084	1845	1976	3230
TAF12	2431	2716	2757	2920	3078	4911
NUM1	6570	9195	7231	7879	8213	10948
CPR1	17130	17114	19728	13033	16051	12788
RPA14	270	362	241	475	541	1139
SAC3	1862	2421	2136	2152	2103	3375
SSY1	931	1510	1165	1224	1211	1862
TAF10	1294	1535	1477	1202	1468	995
CDC37	3786	5148	4963	3417	3558	4023
SUP35	7895	11035	8119	15476	16966	21692
ARG82	496	707	634	575	599	877
HMO1	3241	4128	3449	4269	4789	7262
NGG1	1820	2444	2167	1984	1917	3138
SDH4	144	211	157	134	122	216
CDC1	2188	2676	2633	2046	2226	3001
ATC1	778	1078	824	1636	1828	2371
UPS3	275	419	400	470	484	536
CCT6	4816	7163	4935	7911	8295	12053
RVB1	4403	7353	5180	7605	8221	8643
NUP42	526	604	575	465	536	662
CBS2	828	902	970	1058	1105	1340
VPS64	1245	1547	1645	1415	1331	1748
UME6	472	505	498	414	428	734
YDR210C-C	0	0	0	0	0	0
YDR210C-D	31	29	29	24	18	30
TCP1	6235	9512	6456	11193	12539	14273
UPC2	1091	1412	1199	1509	1640	2627
HTB1	5619	5000	5964	5056	6615	6477
HTA1	9257	14115	11404	10025	10604	12015
ADK1	7661	10473	8871	7345	8996	11246
SIR4	1340	1545	1310	1355	1433	2069
HEM1	2044	2566	2199	2610	2861	4874
LYS4	1724	2549	1717	2290	2555	4033
PRP42	746	875	830	976	998	1198
MRPL7	913	1102	1094	660	697	1163
SNU56	734	874	955	873	1053	1059
PEX5	1413	1793	1736	1894	2006	2563
MNN10	2181	3747	2869	4040	4172	6835
CHL4	368	632	503	540	504	748
RMD5	659	774	844	610	602	770
RKM4	827	1497	1031	1747	1714	2325
YAP6	183	163	198	193	219	318
SWM1	409	670	555	674	741	860
DIN7	199	238	212	242	292	462
PEX10	487	783	748	683	787	890
MSW1	628	742	690	411	426	528
PMP3	13213	31851	20865	17581	18246	21641
MTH1	493	521	618	326	303	493
RNH202	450	646	537	444	439	678
GCN2	3384	4967	3800	4085	3992	4728
DPP1	1590	2509	2023	1669	1840	2027
YDR290W	0	0	2	1	1	13
SSD1	4234	4832	4298	3999	4425	5966
DPL1	3368	4265	4136	4446	5078	5923
HDA2	740	1119	897	873	929	1377
MHR1	825	1391	1272	803	951	1366
SUR2	1614	1959	1572	2500	2790	3312
ATP5	1155	1791	1337	2077	2066	3195
CFT1	2373	3232	2652	2920	3201	4468
CPR5	5965	7669	6875	6725	7658	9285
HNT2	651	941	782	705	733	848
SRB7	535	715	716	670	716	803
IPK1	339	434	490	297	338	349
MCM21	495	841	672	725	674	991
YDR319C	225	327	324	310	313	338
SWA2	899	1044	1029	911	1125	1249
DAD4	189	232	267	270	312	729
TIM11	704	1842	1391	1846	1674	2101
MRPL35	971	965	1028	792	1031	1333
PEP7	418	530	464	498	506	691
YCG1	1279	2045	1540	2125	1990	3059
SKP1	3626	4705	4306	3286	3900	5369
PEX3	1299	1800	1512	1471	1466	2427
MSN5	2628	4060	3108	4085	3849	4767
FCF1	666	670	872	1118	1303	1838
YDR341C	7349	9991	7816	9977	11889	12908
SVF1	5510	9109	6629	7746	8294	10288
ATP22	973	1493	1349	1394	1339	1649
SPC110	2493	3498	3232	3022	2466	3585
CNL1	318	532	445	398	478	554
EAF1	1833	2677	2113	1870	2003	3085
TFC6	1016	1630	1363	1346	1359	1706
SEM1	3063	4033	3881	4375	4556	5670
CDC40	593	976	856	1014	1028	1291
VPS74	3092	3742	3578	3454	3524	4440
YRA1	10868	11084	10016	11943	11973	24064
RPP2B	13618	20695	18300	28099	31219	58003
MUS81	788	1100	1001	756	826	1037
UBA2	1198	1702	1290	1340	1463	1923
SHE9	1005	1497	1161	1137	1071	1601
RPT3	5542	6476	5577	4894	5764	6637
SXM1	2974	4049	3018	4656	4986	6366
NCB2	1223	1845	1655	1136	1046	1319
HPT1	3096	5710	4440	3391	3606	5868
DIT2	14	10	13	10	18	24
RPB7	546	840	739	752	824	1708
MRP20	1601	1665	1836	1207	1417	1996
YDR406W-A	60	27	28	13	15	62
SIZ1	309	374	339	258	292	463
ERD1	524	775	555	561	563	770
SYF1	1020	1732	1300	1814	1870	2316
RPL12B	11172	14597	12705	17280	20260	29349
RAD30	941	1285	1093	1110	1315	1741
CAD1	1379	1803	1859	1120	1447	1509
DYN2	833	1412	1191	1281	1425	1542
CYM1	2077	3556	2658	1919	2152	2612
NPL3	4932	4426	3991	4846	5405	8351
YDR433W	498	518	467	697	802	1372
DOT1	1395	2040	1683	1958	1818	2739
SSN2	1216	1442	1296	1291	1474	2115
RPS17B	2746	4156	2859	5646	5716	9074
ADA2	944	1399	1199	1228	1261	1827
RPS18A	15688	20655	17962	24265	27240	25935
PPN1	6188	10252	7895	7054	6649	10750
TSA2	198	247	263	88	104	178
GUK1	3602	4833	3978	4354	5405	5357
NHX1	1520	2210	1862	1675	1706	2146
TFB3	795	1270	1004	1234	1162	1558
MRPL28	998	992	1266	716	958	939
STP1	1982	1980	2224	1841	1912	2794
SDC1	1055	1381	1357	949	1065	1151
RPL27B	8450	12069	9783	14678	15862	27614
PRP3	706	1368	1072	1147	1084	1174
JIP4	1495	2160	1870	1282	1288	1934
SNF1	3879	5406	4441	3794	4187	6620
DIG2	481	458	457	493	467	768
PHO8	3305	4245	3239	1824	2126	2574
KRE2	4058	5104	4333	4713	5688	5743
VPS52	710	1034	1015	928	945	1110
VPS72	1647	2147	2004	2413	2513	3159
VPS60	1224	1671	1517	1366	1472	2002
SLD5	202	203	206	240	249	414
MZM1	335	452	486	265	339	365
VPS3	1014	1526	1402	1154	1066	1542
LCD1	928	1338	1090	1059	982	1516
RPL37B	5776	7700	7532	9382	12356	12008
SAM2	6203	7967	5774	5008	6234	6763
PSP1	2687	3389	2892	2007	2004	3347
GIN4	3472	4699	3704	3452	3793	4840
GRX2	2458	2261	2746	2658	3058	4487
SLF1	885	1134	1134	880	900	1398
FPR2	1273	2604	1896	1557	1813	1907
URC2	758	1209	1008	1226	1189	1326
AGE1	631	818	725	675	674	1021
YDR524C-A	6	13	11	10	10	9
YDR524W-C	604	564	618	660	757	1030
QCR7	2527	2857	2576	3226	2824	4531
PAD1	542	755	628	578	615	806
YRF1-1	0	0	0	0	0	0
GIM4	966	1060	1196	1208	1179	2013
VAB2	218	305	324	241	238	388
YEA6	893	1416	1186	950	1061	1154
MIT1	827	716	700	489	515	679
GCN4	3749	4323	3678	4562	4331	9963
GLC3	2441	3259	3282	1333	1317	2179
UBC8	653	983	1021	456	502	798
VAC8	3051	4541	3683	4574	4604	7697
EDC3	2384	3528	2769	4548	4984	5885
MMS21	142	134	139	122	111	191
YEL025C	746	1215	914	1058	974	1292
VMA3	13274	17982	13708	24029	26507	26969
ECM10	252	353	321	610	550	1077
SPF1	11815	17402	12536	16398	19586	23385
HYP2	8461	11079	8591	10344	12734	17851
ANP1	1816	2065	1704	2309	2547	4814
CYC7	419	521	583	148	150	197
UTR2	5846	8503	5269	7933	8814	10740
YEL047C	3480	3227	2978	2494	2787	3827
MAK10	792	1176	909	1054	1057	1487
RPL12A	9443	14639	10475	18369	19740	30294
PCM1	2616	4626	3351	4076	4451	6241
HHY1	5	5	3	4	6	5
PRB1	8245	8272	8845	3498	4451	5796
CIN8	2176	2828	2534	2169	1943	2450
SIT1	6416	8725	8878	3503	5472	4516
YEL075W-A	0	0	0	0	0	0
PMI40	4730	5141	4610	3995	4976	4768
YND1	843	1128	1009	1266	1357	1889
TMA20	1115	1549	1347	1504	1628	1900
SEC3	3232	4482	3769	4508	4485	5515
TIR1	391	245	188	70	128	185
FAA2	556	732	606	842	934	1188
BIM1	971	1689	1313	1771	1819	2475
AFG3	1914	2510	2336	2426	2764	4255
SBH2	1780	2165	2181	2316	3022	4590
GPA2	1189	1546	1522	1025	1021	1680
RPN3	4060	5621	4846	5712	6043	7884
SRB4	1207	1737	1487	1658	1694	2120
PRO3	4076	5591	4758	2933	3333	4600
GCD11	7752	10885	8282	12951	14216	16710
CHO1	7447	12050	10780	8842	9840	10795
GAL83	2084	2507	2101	2212	2411	2273
SMB1	612	933	762	801	864	1083
YPT31	1359	2659	2037	2293	2424	2941
FIR1	626	594	574	549	531	849
KRE29	191	281	243	357	325	444
HVG1	68	77	82	26	46	55
MXR1	667	1001	880	803	850	828
ERG28	331	316	365	189	284	373
JHD1	528	967	795	896	884	1162
HOM3	1936	2241	1857	1269	1471	2027
FCY2	2552	3847	2964	3974	4303	6239
RPL34A	13576	17513	12387	20753	25912	25708
HMF1	3012	4307	4794	2343	2728	2443
HOR2	3942	3706	3749	1027	1145	1966
MOT2	1616	1696	1652	1499	1782	2394
RNR1	5231	6769	5598	5417	6377	7867
VTC1	4723	10519	6381	3528	3849	3850
RPS24A	22284	20676	18839	27763	35818	22758
AIM9	5626	6104	5934	5307	5650	6587
UTP7	1558	2295	1741	2915	3195	4344
GET2	1270	1272	1461	1607	1738	2293
ILV1	3041	3595	3090	2623	2891	3963
SBH1	1104	1714	1570	1339	1495	2265
DOT6	953	784	787	722	785	1665
TSC11	1236	1384	1367	1550	1587	2459
AIM11	175	219	228	107	98	188
PUP3	5100	7662	5771	5819	5648	8687
RAD51	1059	1552	1349	1337	1522	2139
UBC6	1109	1730	1323	870	1067	1046
RPS8B	9529	14763	11384	13093	15656	9648
SSA4	1150	1603	1249	774	898	1187
GLE2	901	1329	999	1069	1117	1615
KAP123	8768	11795	8592	13145	14605	18108
SWI4	1968	2160	2089	1850	1799	2541
LSM4	1155	1522	1626	1721	1627	2257
BOI2	2135	2657	2152	2353	2707	4007
RPL23B	7393	12745	10452	16361	19061	14435
SHO1	1403	1916	1506	1626	1863	2290
YCK3	1151	1513	1290	1244	1346	1948
RSP5	7777	11646	8687	8326	8792	13815
SAK1	2365	3014	2614	2930	3022	4686
RPS26B	12985	21502	15648	21491	23335	28845
GLC7	7817	12550	9122	10670	9859	15086
YER134C	999	1275	1354	1223	1365	1774
GDI1	7621	9742	8064	7485	8364	10881
MAG1	666	864	812	550	528	799
DDI1	1595	1557	1452	1383	1638	1789
SPT15	2306	3750	2738	4166	4287	5299
PEA2	499	733	717	701	762	1022
UBP3	3677	4375	3414	3403	3686	4151
OXA1	577	743	663	569	613	1185
BEM2	7036	9658	7533	8910	8676	10509
COG3	1454	1822	1514	1722	1731	2008
BUR6	2438	3064	3166	2961	2920	4022
SPT2	1123	1667	1455	1981	2030	3411
BCK2	1726	2196	1789	1829	1948	2927
CCA1	1419	1789	1560	2128	2411	3198
RPH1	1117	1274	1223	1156	1170	1744
ADK2	412	489	483	329	328	462
RAD3	1714	2611	1918	3227	3134	4271
BRR2	3652	5286	3889	6926	7053	7858
RAD24	551	709	738	725	655	938
TMT1	2498	2960	3350	660	952	1093
ECM32	3041	4163	3355	4559	4753	5731
BMH1	29315	35659	29876	33854	38172	53337
DMC1	23	55	28	41	43	54
YRF1-2	5	9	3	7	14	20
DEG1	910	1115	961	1692	1858	2711
VTC2	6250	9681	8126	5994	6606	7438
SEC4	4308	7173	5362	5269	5673	7062
BLM10	8596	11479	8513	10446	10828	13711
SMC1	3657	4649	4060	4717	4438	5419
AUA1	41	36	39	28	33	140
YFL012W-A	3	4	9	8	6	24
HSP12	10104	8743	13367	3986	3673	6814
GNA1	578	1000	867	770	811	1138
SMX2	393	284	434	526	611	1160
LPD1	7151	10101	8285	5574	6263	9425
GAT1	304	307	265	147	166	250
FRS2	3677	3311	2782	4217	5164	7135
BUD27	1492	2697	1988	2890	3212	3573
BST1	891	1358	1175	1265	1314	1472
CAK1	593	928	746	657	681	1026
AGX1	76	100	112	70	66	129
YFL031C-A	9	3	6	8	6	50
HAC1	8098	9664	9218	12088	12708	23007
RIM15	1592	1902	1501	1518	1456	2129
RPL22B	1100	1473	1206	1073	1080	1152
MOB2	477	446	432	470	592	1106
TUB2	5154	4824	4584	4019	4667	6744
YPT1	4684	6634	5644	4832	4957	8534
ACT1	35737	36297	32816	35983	37283	54404
YFL042C	893	1307	1145	652	302	1052
OTU1	547	775	720	550	601	896
SEC53	4603	6647	5165	5530	6212	8988
YFL052W	23	41	36	82	83	72
RPN11	3051	3864	3407	3430	3938	4998
YFH7	456	508	531	281	286	381
AIM13	439	754	656	551	568	723
FAB1	1764	2327	2179	1427	1561	2572
ATG18	383	465	413	414	452	840
ROG3	470	637	528	629	639	1150
LSB3	4102	5490	4927	2867	2888	5038
ECO1	251	544	357	381	384	533
CDC14	1367	2232	1850	1924	1941	3725
PTR3	348	363	319	198	215	392
RPL2A	11193	16835	12616	19568	20946	33468
RPL29	3777	2273	2771	4940	5781	13322
QCR6	2061	3090	3134	4420	3854	6175
PHO4	1064	1160	1061	1195	1263	1790
CDC26	317	361	414	277	346	502
RSC8	4359	6859	5423	6679	7367	10384
BNA6	1818	2068	2114	1173	1274	1923
RPN12	3795	4162	4223	3906	4065	3732
CDH1	769	1101	949	874	900	1162
COG7	1183	1769	1848	1500	1440	1541
PMA1	120680	169034	116538	170001	174433	232892
SCL1	2682	3973	3353	3130	3325	4801
PDR1	1626	1710	1599	1791	1779	2569
PUF4	1587	1872	1515	1786	1914	2519
KAP122	2731	3553	2818	3744	4317	4863
ATE1	712	1189	848	1153	1267	1239
CKB1	2431	3937	3113	4074	4046	6280
GET1	1366	1946	1526	2058	2397	2224
YGL024W	2	6	4	3	7	12
PGD1	491	556	561	600	571	1309
CWH41	4827	7434	5827	4816	5763	6963
RPL30	5475	4790	5245	7311	9515	12175
RPL24A	17088	25827	16791	23912	27390	30257
AGA2	8	13	8	2	6	7
MIG1	452	562	541	546	566	927
OCH1	1577	2259	1920	1695	1905	2208
HEM2	2031	2570	2187	1613	1868	2569
DST1	1951	2629	2473	2792	2882	4266
RIM8	444	476	445	554	611	772
RPT6	5096	7112	5803	7406	8288	8719
TIF4632	5345	6497	5460	4970	5152	7240
OLE1	6623	8413	7497	5519	6369	7703
RAD6	1464	2031	1708	1901	2182	3117
YBP2	974	1143	903	1472	1563	1857
SGF73	1252	1398	1334	1167	1245	1835
YGL069C	10	6	10	4	16	51
RPB9	998	1161	999	1853	2203	2060
AFT1	1667	1579	1768	1124	1253	1947
HSF1	1507	1641	1558	1824	1877	3205
MPS2	295	533	368	413	412	537
RPL7A	12940	11478	10749	17253	21722	23339
HNM1	2723	5379	3270	4649	5009	6193
KXD1	358	429	470	382	442	515
NUP145	3734	5745	4396	5562	6053	7373
VPS45	2041	2867	2483	2175	2368	2431
SRM1	1992	2708	2047	2765	3151	5110
USE1	506	927	677	1817	1736	2822
LSG1	2462	3236	2333	4182	4969	5917
RPL28	35179	46685	33646	46652	48297	67596
TAF6	1511	2265	1804	2552	2667	3361
SNF4	1533	2610	1944	1940	2164	2391
CDC20	1501	1746	1534	1802	1957	2922
COQ8	1538	2112	1915	2181	2336	2733
PRP43	4499	5711	4118	7450	8402	10114
RPS2	21054	22807	19283	32042	33829	49490
MON1	608	923	889	714	834	1002
MET13	1091	1410	1148	332	387	676
SCS3	673	752	744	808	865	1683
SOH1	579	764	728	659	691	1063
RPL1B	711	697	656	1181	1304	3419
FLC3	1705	2389	1803	1809	1903	2822
TIP20	862	1097	942	1150	1172	1726
RPL9A	6668	9183	7645	14226	16941	21085
NUT1	2481	2992	2704	3590	3552	4578
CDC43	1130	1663	1106	1688	1669	2116
RAD54	1067	1555	1238	1653	1676	2153
CUP2	551	776	700	704	806	926
PMR1	3768	5180	4218	3919	4192	5703
NUP49	1484	1920	1532	2485	2617	3435
XRN1	17853	23649	19068	16906	17997	23607
BUD13	550	659	676	601	652	768
SAE2	343	437	434	352	330	430
MPT5	713	686	584	569	639	858
ATG1	1899	2085	1929	1395	1499	2039
GTS1	2351	3196	2953	2496	2834	3744
RPS26A	21755	29556	28937	37668	41544	46166
IME4	26	40	47	35	49	55
HOS2	844	1172	1008	1136	1224	1575
GCN1	13323	18479	12219	25053	28813	33464
EMP24	2577	3340	2542	3109	3163	5291
POX1	96	102	127	105	100	166
CHC1	23250	27555	22108	15678	18003	20660
SPT16	7200	10191	7381	9594	10653	13945
SIP2	515	671	682	360	403	679
MIG2	945	1040	1098	837	917	1427
NCS6	432	711	556	1016	1029	1462
VAM7	220	538	337	335	355	481
SKI8	2007	3557	2561	2316	2722	2934
YGL218W	7	6	5	5	7	29
MDM34	1011	1066	1253	704	785	1574
FRA2	2299	3198	2744	2574	2827	2536
COG1	818	985	966	770	970	1052
SDT1	1198	1348	1187	707	842	997
VRG4	2235	3593	2549	3782	4295	2998
VID30	3272	3988	3994	2878	2704	2848
MTO1	808	1002	864	433	530	845
CSE1	5321	6143	5230	8978	9585	11637
DOC1	228	377	259	421	397	498
RTF1	1723	3432	2217	3308	3506	3601
GUS1	16300	21786	15915	15376	17843	18990
HFM1	506	723	690	972	806	1176
HXK2	26338	27786	25958	10218	13041	14338
FZF1	266	285	314	328	300	541
ADH4	568	813	669	821	867	1302
SWC4	1104	1412	1205	1272	1411	1735
CUL3	899	1058	951	1033	1257	1288
ECT1	1664	2969	2355	2493	2581	2991
SEC9	1898	3167	2786	2489	2618	3426
RPS25A	28523	29791	26787	40496	44526	78276
MSP1	593	838	811	576	625	918
GSC2	2118	2447	2564	1784	2015	2395
TIM21	1215	1829	1515	1771	1718	2649
RPL26B	9637	11862	12084	15182	19902	23302
CAX4	295	321	283	445	421	450
RME1	987	1427	1437	658	689	1209
TAM41	629	953	751	723	726	972
TFC4	2194	3332	2589	2433	2496	3405
COX18	270	354	276	293	295	510
ROM1	924	1180	1148	1173	1083	1660
UPF3	480	912	647	1292	1062	1441
SMD1	695	976	712	1199	1234	1147
MRPL25	594	654	763	371	446	566
PEX8	390	508	491	611	642	871
PAC10	1232	1735	1450	2154	2237	3412
TWF1	1317	1541	1554	997	1258	1371
TOM20	2184	2052	2094	1853	2140	3070
GCD2	2792	4106	2998	4780	4907	6722
RPL11B	4676	5396	5408	8811	11102	8455
CTT1	540	610	667	370	292	697
ASK10	1447	1477	1399	1569	1692	2481
MDR1	2398	3722	3053	2375	2502	3596
PCP1	618	954	879	845	909	1062
NOP7	9351	12951	9624	13973	14163	19821
SRB5	595	813	721	808	830	1022
CLB1	1232	2526	1884	1601	1393	2576
SPT6	9566	13788	10714	11418	11011	14759
RPS23A	17836	26892	19880	33208	37172	30007
COG2	384	435	436	480	497	631
MEP1	334	390	397	180	175	254
SYF2	214	413	363	438	467	601
PEX4	355	541	567	292	332	387
CBF2	1108	1433	1219	1154	1302	1709
THI4	29	52	55	69	48	111
RPL24B	21389	34573	22774	28628	34378	34028
CCM1	1889	2661	2342	2210	2158	2434
RSR1	620	1206	806	909	955	1021
YGR153W	78	133	106	63	64	85
CYS4	5038	5410	5054	7550	9480	11491
CHO2	7396	13147	10157	10651	12118	11693
NSR1	11059	13793	8583	21602	22936	28760
TIF4631	15502	20014	14614	22624	25075	37111
TRS65	674	928	714	1314	1263	1682
CLC1	5319	8137	8177	6312	6494	8446
YGR169C-A	310	904	623	1785	1628	1141
MSM1	580	685	639	485	549	736
RBG2	1371	1959	1485	1814	2062	2794
PBP1	4692	6205	5254	6779	7084	11212
RNR4	7084	8943	7439	7633	8884	13332
QCR9	709	1246	1030	1138	1024	1300
UBR1	6180	8004	6324	5484	5646	7515
TYS1	8438	9628	8754	11186	12486	15962
TFG1	4518	6536	5585	7632	7537	11174
TDH3	46771	52430	59562	42236	51531	100431
SKI6	612	1063	824	993	1193	1807
ELP2	2563	4045	2837	6585	7105	9266
PCT1	2125	2189	2200	1489	1656	2509
TRX2	2444	1848	2197	1229	1830	2728
RPS0A	27102	31526	22566	45018	46315	95868
CRM1	10647	13150	10700	11919	13962	14162
MRPL9	1184	1407	1312	1271	1443	1877
AMA1	60	87	83	50	49	94
DIE2	697	663	636	522	621	646
SMI1	3838	5370	4289	3838	3719	5941
PHO81	1721	2748	1893	1340	1461	2322
YHB1	7813	9586	7350	12936	15690	15614
MOS2	1560	2213	2073	1743	1857	2415
BRF1	1180	1705	1424	1481	1414	1827
NOP19	618	878	762	1155	1208	1655
GCN5	901	1419	1207	1290	1212	2037
PUP2	4505	5430	5410	5718	5894	8252
ENO1	21338	32085	24948	5287	6973	10870
APL6	3319	3714	3313	3250	3489	4992
BUD32	1165	1568	1380	1885	1993	2335
MES1	5331	7836	5624	9532	10698	13497
EFG1	625	836	806	1336	1354	1602
TAF1	1867	2653	2305	2973	3155	4072
RNH70	1467	1933	1787	1672	1914	2102
PXR1	320	684	396	1249	1280	1422
YOR1	7105	11183	9391	7802	8288	10724
ZUO1	13474	14471	12379	18704	23765	24453
MAL13	267	308	292	292	267	418
MAL11	183	303	205	430	405	637
MAL12	9	5	4	3	8	3
YRF1-3	0	0	0	0	0	0
RPL14B	3379	7536	4619	7028	6931	6880
ETP1	837	1363	1067	1020	1170	1517
YLF2	414	607	575	333	320	405
RPS20	12577	17501	14714	24060	28425	34830
AIM17	909	856	888	259	335	505
NPR3	1384	1786	1546	1536	1479	2365
RIM101	4316	5955	5021	6849	6130	4310
WSC4	506	376	389	212	198	488
RPL8A	13732	14527	13308	3633	4151	4373
SBP1	12458	16338	13990	15341	16395	20595
ARN2	7396	7198	11786	2998	4408	5213
GPA1	3221	4357	3524	4269	4066	5010
TIM10	1358	2196	2140	1571	1663	2602
ERG11	10670	13769	11508	14168	14820	18442
TDA3	2458	3423	2842	2099	2206	4076
RPL27A	12045	17438	14073	23724	25702	31988
VPS29	1400	2285	1799	2026	2150	2498
ARD1	1345	1799	1532	2170	2608	3017
YSC84	1158	1787	1601	927	929	1940
DED81	15719	18766	15146	14833	17377	19823
RPS27B	4417	5935	8749	10278	12671	12544
MAS2	2261	2963	2535	2021	2153	3267
VMA16	2432	3971	2890	5407	5427	6014
RPN1	13669	19696	15409	18114	18888	26168
DAP2	4003	6249	4900	3583	3481	4956
SLT2	2172	3143	2675	3782	4152	6050
RRM3	1078	1457	1108	2060	2132	3186
PIH1	525	729	606	665	660	1304
RRF1	252	312	355	225	187	318
VMA10	5278	5562	6627	8792	8703	23391
SRB2	337	476	438	333	403	839
NCP1	3167	3189	3010	2340	2784	4236
DOG2	969	1635	1113	1320	1347	1996
DOG1	114	173	120	85	101	159
AAP1	3255	3894	3627	2805	3568	3442
CIC1	2434	2962	2508	4300	4771	5635
CUP1-1	0	0	0	0	0	0
CUP1-2	0	0	0	0	0	0
CPR2	1624	3161	2548	2401	2402	2938
VMA22	460	943	816	700	680	917
SSZ1	11104	13059	10826	14995	17464	23618
HTD2	469	840	703	428	419	630
PPE1	361	567	545	345	398	626
NMD2	2545	3670	3144	4626	4482	6004
IRE1	1091	1386	1233	1236	1189	1673
SAE3	1	2	2	2	1	2
LRP1	904	1595	1204	1844	1833	1853
SAM35	1057	1324	1366	1296	1270	1864
NAM8	701	755	758	622	607	983
YNG2	676	990	797	940	976	1139
MSR1	848	1389	1128	1049	1032	1686
HXT4	295	575	361	401	369	536
HXT1	2116	2467	2296	5245	6487	7168
SFB3	3436	4353	3553	3274	3616	5221
KIC1	1693	2142	1924	2129	2036	3131
CDC12	3329	4255	3439	2884	3170	4374
UBA4	723	867	874	763	862	1316
BZZ1	2122	2536	2187	2107	2223	2927
DMA1	1281	1414	1185	1540	1807	2523
TOM71	3311	4096	3606	3375	3897	3681
SET1	1969	2616	2195	2667	2762	3239
YHR127W	569	740	747	637	733	947
ARP1	535	942	687	567	551	773
YCK1	2282	2184	2036	1519	1700	3197
RPL42B	2113	2944	3148	3787	4629	5423
RPC10	1989	3205	2675	3668	4613	3633
MRPL6	1189	1966	1697	915	1159	1255
RTT107	2425	3279	2782	2577	2479	3145
LIN1	213	278	355	334	269	490
DNA2	1287	2096	1718	1946	1987	2590
PRP8	5189	7937	5872	8620	8879	12402
NMD3	5712	8596	6659	10724	11933	14874
ATG7	502	993	729	418	424	619
ENO2	114028	128932	95876	96199	126755	181519
YHR177W	62	42	45	25	33	48
OYE2	9791	13658	10835	8732	10639	13606
SVP26	846	1009	985	899	1095	996
SSP1	60	59	51	166	179	183
PFS1	3	5	1	2	5	5
KOG1	2200	2977	2425	2673	3037	4173
IKI1	539	867	707	959	1039	1482
PTH1	298	296	294	233	230	456
NVJ1	997	1422	1345	1228	1280	1871
RIX1	1246	1986	1360	2734	3094	3539
AIM18	400	533	465	290	300	271
AIM46	710	977	881	879	968	1761
NBL1	154	194	187	237	293	327
RPN10	2319	3449	2912	3086	3381	6097
RPS4B	7513	10806	9643	13200	14658	21887
MNL1	1162	1620	1215	1505	1475	1988
SCH9	1427	1636	1286	1575	1757	2495
SKN7	757	879	755	776	760	1489
BAT1	6553	6919	5119	9834	11481	15299
PHO12	862	1395	470	55	65	112
IMD2	1743	2307	1367	4191	4998	5946
INP51	1675	2546	2037	1866	2030	2499
CFD1	498	608	524	459	490	702
BET1	653	1206	1060	1008	1155	940
YIA6	264	303	319	214	200	335
TIR3	65	65	36	40	53	77
YIL014C-A	158	301	368	154	143	244
BAR1	87	77	59	57	72	70
VID28	1700	2337	2055	1538	1426	2221
RPL2B	10734	13536	11151	19563	24145	36694
RPB3	2611	3747	2785	3625	3717	3977
TIM44	2155	3428	2497	2739	3220	4659
IRR1	2577	3231	2700	2813	2954	3801
KRE27	684	1060	886	1267	1360	1942
SSM4	4359	6296	4988	6038	6775	8458
ULP2	1143	1240	1210	1169	1151	1590
BCY1	1344	1657	1374	1075	1186	2051
CKA1	1588	2479	1996	2615	2573	2369
CST6	2616	2614	2757	1875	2052	3305
CBR1	2794	3686	3187	3497	3803	5161
AGE2	1503	2073	1827	2084	2117	2168
MET30	815	991	868	1520	1596	2690
MMF1	3414	3434	3824	2955	3727	3735
RPL34B	6909	9481	6924	13298	15757	24993
RHR2	22868	31789	24758	11500	14072	16690
SNP1	418	476	583	421	507	863
FIS1	1131	1878	1529	1131	1200	1718
RNR3	297	331	322	134	133	253
RPS24B	5808	6287	4793	7089	8878	6235
PCI8	546	891	737	545	532	792
SPO22	56	62	69	253	225	340
RPN2	9662	12315	9687	14405	15373	19549
SEC28	1719	2285	2006	2117	2487	2572
THS1	22152	32324	24064	30882	33939	37861
AIM19	872	919	1086	531	586	595
LYS12	6413	8032	6430	4371	5189	5456
PRK1	673	811	796	761	833	1167
FYV10	526	607	642	470	522	602
DPH1	601	996	672	1356	1550	2251
SLM1	1001	1335	1170	1361	1461	2159
PFK26	2433	3377	2834	1951	1835	2698
SEC24	4453	5358	4318	5349	6230	8692
HPM1	597	933	703	1236	1282	1695
POR2	900	1270	1102	1508	1762	2014
NUP159	3408	4192	3769	4467	4682	5876
AYR1	1600	2066	1765	1567	1669	1924
KGD1	6985	9395	7437	7108	7568	11326
STH1	6740	9619	7734	9602	9389	12268
MET18	1658	2291	1851	2412	2453	2900
TAO3	4106	5627	4629	5524	5680	7146
RPL16A	7761	10654	9635	12810	14720	26180
TMA108	2754	3545	2882	3119	3542	5042
TPM2	2538	2964	3619	2026	1943	3068
AXL2	731	790	526	510	601	842
CCT2	4437	6468	5045	7917	8714	13293
SSL2	2387	3069	2663	3608	3886	5070
TID3	1176	1653	1358	1480	1375	2008
ATG32	356	368	397	322	351	505
SLN1	3238	4551	4052	3843	3853	5056
RPL40A	7690	8250	10209	11803	14379	19238
MCM10	444	455	483	558	584	978
RRD1	608	745	752	606	694	1185
IMP2'	1249	1524	1355	943	1177	1909
COA1	1521	2267	2453	1223	1394	1972
POT1	35	44	62	41	46	103
YIL169C	24	18	25	26	34	113
YIL171W	0	0	0	2	2	3
SGN1	409	510	440	289	345	487
DJP1	3220	4799	4020	4722	4748	6260
IST3	208	196	215	191	205	243
PAN1	7464	7304	6761	6527	7229	11520
MSL1	248	410	290	354	383	485
STS1	824	1103	914	1292	1503	1661
MUC1	21	15	16	14	14	27
YIR020W-A	0	0	2	1	1	1
MRS1	315	499	352	369	440	580
DAL81	1177	1296	1117	1126	1247	1831
YIR024C	444	721	598	608	613	764
DAL2	190	331	259	309	301	340
DAL7	460	673	526	716	688	892
HYR1	1427	1916	1784	1402	1402	1781
PRE3	4358	6344	5192	5345	5574	7042
OST1	4768	7035	5456	6225	7140	8974
CYR1	3656	4768	4017	4569	4413	6541
RPC17	272	415	426	460	519	641
VTC4	7443	13191	8239	5469	6166	7269
CCT3	6776	11290	7614	11980	13603	15390
YJL016W	1028	1261	1187	1057	1114	1635
MPS3	854	1202	958	790	796	1186
BBC1	5030	5371	5071	3055	3527	5038
APS3	976	1305	1015	1263	1409	1566
RNR2	4275	3908	4188	3678	4316	7015
HCA4	2872	3783	3124	6289	6883	9781
KAR2	19176	27699	20118	19277	21461	23971
SNX4	987	1435	1287	1069	1105	1737
LOH1	5	6	10	9	8	7
YJL045W	28	33	26	16	12	25
AIM22	1105	1323	1326	990	1099	1214
RTT101	950	1252	1071	1054	1193	1478
UBX6	721	1079	910	754	794	1171
MTR4	5427	8158	5924	9754	10785	12152
TDH1	5182	4823	6261	372	686	819
PEP8	1019	1198	1240	816	863	1151
ZAP1	532	556	482	421	403	682
YHC3	227	365	372	244	253	408
NUP82	1654	2173	1717	2574	2599	2744
LAS21	1042	1098	977	896	998	1429
COA3	683	861	947	468	515	643
MRPL8	743	1097	990	722	754	1320
ARG2	419	545	546	410	376	629
PSF2	573	731	584	701	785	595
JEM1	872	853	842	746	806	1134
NET1	5410	6538	5271	5554	5967	9927
ARP4	1940	2585	2388	2364	2555	3561
ALY2	597	616	614	556	586	882
TRL1	1429	2483	1752	2787	2805	3337
ARG3	226	211	256	28	146	54
SRS2	2319	3273	2699	2496	2607	3912
TOK1	1194	1762	1619	1247	1332	1885
BCK1	1281	1430	1115	1215	1221	1963
MRPL49	755	1181	1093	704	776	817
CHS6	950	1404	1210	1782	1781	1980
PAM16	1579	2401	2379	1624	1876	2632
IME2	141	171	172	146	120	236
GZF3	1135	1430	1276	1402	1429	2040
CCT7	3674	8266	5254	7599	7911	8831
MDV1	1244	1753	1598	1337	1276	1590
ASF1	542	1553	867	1162	1177	1186
RPE1	772	986	941	986	1365	1662
LSM1	1900	2989	2449	2422	2354	4175
GCD14	781	1189	757	1332	1532	1947
SPT10	539	862	752	858	811	1200
YJL127C-B	220	302	289	326	298	596
YJL127W-A	0	3	7	1	4	2
PBS2	1831	2577	2191	1885	2027	3379
LCB3	682	1253	800	897	959	1436
RPS21B	2285	2415	2222	2385	2742	4999
TIF2	1856	2249	1693	2664	3175	5213
RPB4	2427	4487	3846	4101	4258	5656
TIM17	1015	2843	1683	1791	1754	2379
RPA34	1161	1917	1312	3640	3635	4554
INO1	770	1164	771	259	348	399
VPS35	3751	4622	3923	4579	4643	6232
CIS3	4041	4241	4390	1812	2230	3124
HSP150	18055	19713	19895	16765	20208	29609
TPK1	1768	3092	2595	1100	1127	1756
QCR8	1199	1732	1916	1781	1836	2057
ERG20	10018	12082	11183	3363	3645	4310
SET2	1586	2729	2019	2688	2604	3723
RFA3	1154	1707	1459	1160	1335	1500
SWI3	3334	4413	3633	3626	3630	5145
RPL17B	11508	14120	12286	16991	18840	25963
ATG27	1926	2768	2396	2382	2688	3218
PFD1	687	767	846	981	1152	962
GON7	2124	2386	2830	1716	2075	2808
SWE1	946	1230	1065	956	1002	1430
RPL39	9283	6061	11085	14568	15136	38072
RPS22A	21749	31845	23600	36287	44475	38390
RPS14B	2383	3111	2978	3070	3696	4907
PRP21	338	652	488	537	525	812
NCE101	488	467	759	533	655	592
PEX2	533	965	941	915	886	1156
OPT1	581	660	545	1733	1948	2834
IMA4	0	0	0	0	0	0
SAG1	10968	14493	9090	10144	10384	14808
APL1	2280	2732	2363	2045	2234	2706
POL31	841	977	966	1189	1311	1715
TDH2	30068	36445	40357	13249	18723	18581
GPI14	1366	1922	1600	1361	1311	1645
TMA22	3449	3700	3857	4189	5139	4925
ESS1	2358	3137	3287	2016	2467	4401
TES1	224	319	291	172	250	405
REC107	525	754	718	569	574	962
BNA1	2399	4023	2937	920	1061	1095
RAV1	1578	1967	1747	1266	1388	2047
GEF1	1966	2871	2241	2347	2664	2836
URB2	1255	1750	1265	2621	2787	3203
NUP85	1384	2296	1908	2852	3087	3345
SSC1	27838	30569	25201	15101	17197	24807
TAH11	1341	1705	1522	1996	2061	3507
ANB1	87	89	82	91	110	256
CYC1	294	328	316	252	277	294
ISY1	992	1447	1162	1144	1025	1501
OSM1	2036	3080	2156	2078	2025	2308
BFA1	452	593	536	560	576	896
APS2	610	1248	1004	953	958	1479
PTK2	2311	3017	2623	2367	2299	3692
CBF1	1859	2617	2230	2148	2244	2770
NTA1	953	1519	1250	1169	1213	1403
RPA12	545	781	623	1215	1425	1718
CCT5	3793	5345	4273	7382	7729	12728
ARP3	3764	5395	4308	4553	5058	7221
TOR1	4137	5447	4511	4559	4661	5904
LIA1	1980	1915	1689	3689	4151	7020
NPA3	2701	3412	2904	4313	4926	5863
OPI3	2768	4944	3729	1950	1876	3153
CDC11	3760	4464	3941	4437	4621	6670
MIR1	1003	1093	1191	1327	1622	1820
AIM24	1594	2271	2067	1258	1322	1959
YJR084W	435	595	567	791	862	1097
GRR1	2229	3136	2549	3237	3322	4414
JSN1	1471	1289	1303	982	1034	1840
RPL43B	2039	2380	2250	2898	3573	7447
SFC1	15	10	37	21	19	20
JJJ3	174	326	219	374	356	491
VPS25	568	803	748	621	569	772
SOD1	18340	27780	19643	25255	27771	36471
YJR114W	9	9	10	11	18	42
STE24	1185	1202	1222	932	1271	1517
JHD2	258	327	372	287	296	324
IBA57	484	698	682	297	336	554
RPS5	34614	43427	33907	42795	50063	51019
RSF2	1059	1312	1159	1292	1112	1909
NMD5	2408	3397	2588	4306	5132	5725
MET5	1660	2353	1755	1504	1608	2082
IML1	1902	2771	2329	2305	2411	2581
HIR3	1913	2780	2192	2546	2564	3341
MGM101	1566	1817	1660	1680	1704	2432
RPS4A	11998	16433	16112	21389	25055	32326
BAT2	1227	1506	1668	846	997	1160
DAN1	2	2	4	3	6	7
DAL5	120	218	179	207	199	330
PGU1	44	39	34	39	64	64
SOR1	2	1	1	1	1	0
DID4	1977	3398	2882	2353	2272	3545
RPL14A	8751	17537	11664	17602	19702	18407
LAC1	2477	3050	3100	1708	2234	2355
CCE1	373	451	448	336	321	483
URB1	4800	5965	4886	8827	9131	10464
HCS1	767	903	806	849	825	1126
SWD2	421	447	463	544	699	807
URA6	918	1300	932	996	1007	2043
PAN3	1211	1404	1253	1227	1300	1773
IXR1	1497	1293	1230	1123	1278	2278
TTI1	980	1516	1162	1331	1359	1759
NFU1	1685	2395	2191	2528	2886	2580
VPS24	177	707	336	672	608	539
ELM1	888	1143	1051	1148	1138	1468
CSE4	549	829	788	742	646	776
DEF1	8504	8786	7243	7572	8768	14077
TMA19	11621	15606	12690	22951	25345	31548
NUP120	1448	2123	1850	1982	2335	2568
FBA1	148862	185015	153266	112586	132807	193011
YNK1	7780	16177	10851	4765	5115	5237
NUP100	1809	2034	1741	2106	2301	3519
YKL069W	663	941	944	570	651	622
LHS1	4376	7004	5097	5333	5895	6821
VMA5	5367	8878	7026	8893	10230	12668
TEF4	19739	24590	19538	27486	33052	43434
CYT2	838	1228	1213	884	1008	1482
YKL091C	736	993	925	462	449	734
BUD2	1535	2165	1854	1815	1812	2249
YJU2	428	621	570	670	639	923
CWP1	2332	2362	2007	2032	2237	3449
CWP2	19091	23595	23171	16994	20405	25333
HSL1	3376	3929	3198	3201	3146	4178
LAP4	3910	3965	3854	846	1019	2081
SLD2	679	983	840	896	1039	1297
KTI12	1171	1575	1366	1545	1747	2589
ABF1	2215	2733	2148	2770	2684	4420
RAD27	1663	2455	1963	2151	2287	3281
VPH2	801	927	894	826	865	1459
SSH4	731	1090	1114	643	654	911
YPK1	3380	5157	4231	3641	3923	4772
1-Oct	714	1069	928	923	915	1139
MRPL31	1425	2300	1786	1080	1147	1411
TGL1	1564	2318	1959	1267	1372	1828
SDH3	2037	2132	2344	2143	2217	3036
MRP8	3014	3678	3823	2438	2762	3071
LTV1	1822	2959	2338	3996	4115	5125
RPC25	548	954	695	972	1025	1379
RPT1	8293	13314	10911	8710	9408	13439
SDH1	1638	2109	1797	1370	1407	2245
DBR1	604	883	686	871	969	1269
RPS27A	7346	6057	8170	10256	13551	14005
APE2	8014	11048	8998	5572	6402	8276
KDX1	480	607	663	1417	1375	1683
PIR3	62	93	78	133	179	199
PIR1	3456	3890	3637	2692	3398	3504
MCD4	1920	2767	2256	1892	2180	2716
MRPL38	629	924	869	543	559	852
SNU114	2740	3604	3074	4715	5444	5431
STE3	9695	14837	10886	11563	11860	15205
RPL17A	17578	24146	18626	31181	34033	43321
PRS1	3667	6922	4644	8448	9290	11879
SPE1	2806	4405	3344	4306	4875	7274
PXA2	254	395	444	349	304	505
CNB1	1892	2978	2476	2278	2300	2388
SDS22	2081	2248	2264	1151	1289	1327
MIA40	5927	8023	7468	4151	4329	5805
PEX1	1214	1824	1497	1439	1507	2001
PTK1	307	255	262	185	243	410
MNN4	297	485	373	557	520	746
TOR2	3331	4597	4097	4095	4174	5188
ADD66	775	1296	1203	1242	1390	1383
AIM27	1868	2970	2530	1962	2247	2757
CBT1	257	277	292	203	238	258
SAC1	5233	7029	5359	6709	7085	8676
DOA1	1479	2232	1803	2226	2082	2977
VPS1	6855	9310	7709	4881	5613	6101
ECM9	320	325	392	257	260	332
MRPL13	1754	2080	2090	1452	1715	2926
MEH1	1473	2063	1734	1253	1384	1923
FOX2	207	248	248	258	198	430
YKR011C	710	646	749	356	458	425
PRY2	2430	2330	2020	1600	2005	3152
FCJ1	2838	2955	2811	2871	2864	3278
VPS51	532	806	813	544	596	697
ALY1	643	825	679	556	626	967
RPC37	652	1351	870	1689	1734	2526
GCN3	1124	1508	1222	1753	2202	2590
BCH2	894	1286	1044	1187	1195	1528
GMH1	980	1517	1208	1369	1385	1666
SPO14	3524	5383	4321	4211	4114	5538
DAL80	11	12	13	9	10	13
DID2	1932	2796	2575	2340	2596	3172
TRK2	626	837	671	910	939	1567
YSR3	144	189	141	238	268	481
DYN1	3599	5731	4256	5910	5658	6528
TRM2	1329	1760	1287	2167	2317	3285
RPS21A	3258	5124	3764	7979	9399	9702
TIF1	1130	1066	1133	1404	1878	1692
PAM17	486	605	708	373	456	586
GPT2	2020	2437	2150	1095	1094	1441
MET1	438	659	562	558	607	1012
SIS2	2279	2920	2274	2468	2908	4589
ECM4	821	1095	1229	418	452	659
NUP133	2823	3763	3005	4227	4638	6046
DAD2	518	962	770	712	675	797
MRPL20	1974	2184	2656	1617	1953	2435
PRP16	1133	1341	1191	1710	1660	2559
TGL4	3917	5375	4782	5334	5288	8000
RPL40B	7116	8445	8945	12028	14557	18021
MLP1	9172	12728	10964	12315	10002	15367
PCK1	66	95	88	211	111	192
SKG1	1451	2261	1825	2236	2393	3531
YKR104W	71	134	83	160	130	184
RTT109	620	844	670	799	881	1067
MMM1	479	678	525	540	552	682
YLL017W	11	19	19	13	19	17
DPS1	9024	11197	9107	9349	11188	14786
KNS1	673	707	729	528	480	927
SPA2	4347	5321	4427	4809	4875	6194
SSA2	55918	57244	46750	45952	58107	52247
FRA1	5567	7582	6728	5134	5775	7011
GPI13	2030	2893	2456	1937	2298	3109
IRC19	166	221	209	157	170	179
PRP19	1235	1702	1459	1857	2113	2947
UBI4	5500	5986	6108	3418	3300	4001
VPS13	10927	15193	11759	9747	10545	12340
SDH2	1196	1541	1303	1457	1381	2246
ATG10	28	40	51	42	46	57
RPL8B	32571	38027	32185	57844	70326	70692
YBT1	10093	13321	10193	13454	14896	17371
COF1	4551	3408	5120	3647	4789	4754
YLL065W	0	0	0	0	0	0
PAM18	735	998	903	1036	1091	1680
BRE2	627	1043	771	1089	1104	1450
IRC25	916	1028	1037	982	1119	1319
SNF7	1145	2217	1782	1897	1811	2252
AAT2	7377	9335	9344	4795	5604	8548
RPL15A	40095	46667	40672	54249	62915	90052
RAD5	1073	1425	1147	1547	1612	2174
PAU23	27	33	31	38	23	81
TRX1	3505	3253	3622	4096	5433	6408
YLR046C	150	235	178	127	116	185
RPS0B	40502	49076	38131	58528	61371	90960
ERG3	5884	8832	6028	4005	4976	6768
SHM2	9435	10243	9949	2234	2927	3851
REX2	729	862	750	800	943	2156
FRS1	7502	8892	7353	9450	11110	13136
RPL22A	17195	18688	17520	20239	26542	16361
RGR1	2153	2930	2497	3371	3508	4854
RPL10	18749	25459	18595	27713	31812	46070
FMP25	1166	1685	1634	1146	1240	1865
BOS1	714	965	942	900	1022	1474
SIC1	2218	2756	2634	2319	2581	3608
EMP70	2461	4377	3158	4657	4861	6319
GAA1	2030	2817	2484	2499	2714	3171
GEP5	255	361	296	301	337	536
NYV1	1900	2580	2327	2176	2073	2896
CHA4	446	621	614	625	599	992
CDC45	993	1406	1126	1362	1358	1797
SEN2	1014	1604	1438	1196	1241	1980
MDN1	10727	15223	10790	22426	26188	26882
AHP1	25593	35235	34331	25282	32922	37534
HOG1	3771	4396	4096	3222	3549	6275
CFT2	1163	1592	1243	1500	1448	2051
MSL5	487	574	512	601	670	1084
CLF1	1490	2619	2086	2733	2533	3165
YLR118C	1295	1936	1805	1667	1826	1983
SRN2	440	487	623	555	592	938
YPS1	1410	1856	1624	1478	1631	2467
YPS3	488	491	402	433	568	922
APC2	640	770	792	754	787	1204
DIP2	3060	5248	3487	9008	8771	10671
TIS11	1527	1474	2379	420	722	790
ACF2	541	779	587	657	743	928
SMD3	676	897	913	1406	1775	1923
PEP3	1152	1631	1381	1456	1458	1766
STM1	29462	36531	29229	44708	51532	85954
RNH203	355	550	461	551	536	1012
YLR154W-A	22	0	0	0	0	728
TAR1	17	4	0	0	0	328
ASP3-1	0	0	0	0	0	0
ASP3-2	0	0	0	0	0	0
YLR157W-D	0	0	0	0	0	0
YLR157W-E	0	0	0	0	0	0
ASP3-3	0	0	0	0	0	0
ASP3-4	0	0	0	0	0	0
MAS1	1576	2113	2039	1282	1383	2225
RPS31	40560	60063	45685	69735	69725	95545
UPS2	653	1011	1112	632	616	914
APS1	889	1283	1017	965	972	985
RFX1	289	300	295	225	304	354
TFS1	837	755	1034	294	373	864
SAM1	6228	5689	4886	5998	7284	13173
SWI6	1948	3080	2453	2600	2669	3328
RPL37A	10731	11161	14268	15005	19797	19384
EMG1	906	1461	1113	2027	2127	2963
ATG26	2467	4298	3379	2371	1912	3107
PEX13	1274	1600	1437	1310	1371	1788
NMT1	1877	2708	2313	1984	2256	2860
NOP56	12367	16525	12943	25481	25909	37275
PBA1	469	732	615	566	653	838
YKE2	1149	1822	1544	1609	1827	2438
COQ9	728	837	931	746	811	791
QRI5	2084	3408	2739	1703	1987	2031
SEC13	1728	2716	2126	2518	2670	3699
CPR6	4186	6882	5531	4531	5014	5125
COA4	924	1922	1414	597	611	615
BUR2	571	838	727	903	910	1327
TOP3	150	223	159	209	215	348
THI7	618	676	659	570	645	1044
VPS34	1096	1386	1387	1293	1406	1878
RCK2	3003	5189	3786	3341	3588	4985
YEF3	123827	162496	109991	197143	218840	266029
HAP1	4840	5516	5322	4767	5224	7430
HSP60	12120	17191	14090	7290	8386	12402
TMA7	1738	2408	2307	3019	3718	3385
RPS28B	2375	3745	2767	8511	9356	6133
NEJ1	261	507	447	450	411	643
SEC22	630	850	842	766	857	1072
DCS1	2313	2587	2594	905	1001	1491
YCS4	1480	2259	1723	2154	1989	2423
MCM5	1639	2235	1807	2764	2792	3390
SMD2	407	715	647	809	780	1115
YSH1	1116	1599	1251	1539	1771	1888
RPS30A	33128	40611	39448	44876	51904	36467
MEC3	564	904	705	755	779	999
SEC72	1966	2964	2471	2402	2739	3288
GSP1	12089	12084	10071	17067	19418	26444
YHC1	832	1034	997	1092	1181	1902
ECM38	1586	2297	1918	1652	1655	2579
EXG1	11044	18726	13625	12277	13510	16610
MET17	1416	1486	1402	529	807	725
ACO1	32867	39832	38751	15722	19059	20977
IMH1	2527	4015	3466	3372	2716	3784
CDC25	2838	3749	3323	3832	3947	5116
YLR312C	133	167	173	82	87	159
MRPL15	606	892	686	675	660	943
SPH1	291	368	326	451	416	626
EST2	235	338	287	482	476	640
BUD6	1285	1922	1446	1841	1868	2529
MMS22	685	1105	864	1314	1202	1721
RPL38	15837	25853	21278	31259	35937	48482
TMA10	228	218	328	80	73	101
CHS5	5129	7614	6450	6613	6915	9446
MID2	426	599	494	455	547	564
RPS25B	7707	8824	7274	12969	16588	13750
VRP1	539	458	484	420	469	666
RPP0	18111	18668	15945	25919	28672	51719
FKS1	31982	43558	31239	36918	42061	52677
RPL26A	2686	2467	2688	3785	4270	8396
KAP95	1961	2499	1908	2541	2772	3850
ADE13	12545	14954	12132	5423	6466	6463
VPS38	297	451	366	371	411	502
RPS22B	2684	3652	3686	560	680	1103
MDM30	742	1070	1004	819	851	1241
SSQ1	1373	1894	1682	1476	1791	1839
SUR4	3287	4497	3777	6543	7527	6658
FBP1	12	20	17	17	18	40
CSR1	2083	2029	1932	1325	1600	2357
CTF3	294	373	355	351	386	496
NAM2	1331	1879	1458	1275	1323	1987
SMC6	1394	2202	1847	1950	1774	2476
IKI3	5527	8284	5761	10469	11632	15853
SWC7	291	444	358	421	457	317
RPS29A	2472	1367	2446	2970	3520	5787
CCW14	1148	1020	1249	930	1221	1180
CST9	203	253	235	318	383	454
VPS33	1227	1777	1515	1482	1802	1678
AFG2	1197	1980	1528	2665	3199	3972
SFP1	995	1083	1017	932	969	1276
FLD1	303	376	423	346	363	400
RPL31B	9553	14102	11438	15408	17010	17148
BLS1	141	159	186	168	169	144
VPS36	704	965	846	1038	1047	1609
ATG17	418	577	491	426	360	467
SPP382	560	870	801	756	707	943
TUS1	1226	1628	1459	1168	1122	1617
SEN1	4141	5514	4106	5565	6058	8233
ATG23	471	655	646	529	517	780
CNA1	1943	2778	2155	2629	2699	3520
LSM3	537	890	679	1010	1020	1166
CAR2	547	511	524	203	231	502
MRPL4	567	382	374	271	312	432
SEC39	1309	1944	1709	1780	1895	2407
RPS1A	21569	25673	20802	31694	34727	48434
SIR3	1263	1857	1483	1939	1716	2711
ECM7	582	705	632	744	821	1239
RPL6B	20984	20486	17664	24740	28753	22531
GAB1	489	539	512	399	492	622
YRF1-4	5	22	8	15	6	19
YRF1-5	0	0	0	0	0	0
YPT7	1079	1792	1518	1274	1409	2609
TRM12	429	557	487	709	790	853
YAP1	3415	4406	3879	3866	3759	5752
ERG6	5802	8047	6650	6291	6824	10002
MRPL39	5567	6654	4585	2999	3674	2655
YML009C-A	178	336	183	232	238	96
YML009W-B	78	151	127	138	158	167
YML012C-A	5	14	6	10	12	30
UBX2	1463	1869	1751	1373	1518	2065
TRM9	860	1261	1037	1370	1569	2060
TAF11	683	962	788	1039	970	1583
PSP2	3309	4135	3987	3533	3851	5345
RPS17A	8734	10579	10827	16744	20865	17625
YML6	676	852	779	589	673	861
RPS18B	26030	31574	26215	40994	45767	54830
TSA1	9021	9598	8971	4544	5896	8672
YML031C-A	2	2	6	3	6	4
YML034C-A	2	3	11	4	3	11
SRC1	2864	3048	3272	2985	3064	3769
AMD1	3553	4847	3977	2773	3057	3995
VPS71	899	941	999	902	1053	897
CAT2	253	224	315	245	218	341
YML047W-A	0	3	1	3	4	25
GSF2	3053	4978	4015	3705	4019	6422
SPC2	792	1583	1370	1359	1390	2265
YML057C-A	31	29	29	15	34	76
CMP2	2170	2308	2181	2030	2335	3115
PIF1	1502	2222	1758	1833	1808	3039
MFT1	692	1249	925	1070	948	1230
RPS1B	38069	36989	39441	65355	79897	67962
COG8	801	1165	1020	1059	1039	1386
RPL6A	12760	13771	12809	16648	18520	17000
FPR3	6220	10159	6949	11738	12636	15155
CPR3	1489	2272	1929	1536	1679	2089
YML094C-A	4	2	11	12	15	38
GIM5	903	1232	1050	1227	1276	1597
VPS9	985	1540	1178	1350	1282	1783
TAF13	492	1334	837	874	842	1012
ARG81	870	1267	1174	2016	2024	2865
YML099W-A	0	1	2	3	1	16
YML101C-A	12	23	20	22	24	44
URA5	3802	6309	4630	6311	6606	10951
ZDS2	978	1275	1010	1067	1200	1779
COQ5	6321	10567	8401	5555	5692	7426
TAF8	1163	1376	1353	1948	1986	3476
VAN1	1794	3172	2203	2405	2707	3720
ATR1	1067	1661	1258	878	1054	1210
YML116W-A	193	415	304	351	399	559
PHO84	6180	10441	4960	163	255	545
PGA3	2189	2583	2160	2927	3348	4458
ERG13	4342	5724	4445	2554	2997	4028
CDC5	3492	4765	3929	3976	4005	5245
TAF4	818	1042	1003	1130	1134	1597
CLU1	19366	23894	18165	21604	23151	28794
ERG5	1737	2216	1839	1926	2118	2770
SPO20	17	20	20	35	52	27
MAC1	426	630	522	527	536	764
UBC7	757	839	849	971	1079	1996
MSS1	491	679	572	710	616	945
MRPL3	1216	1293	1279	923	1066	1380
PEX12	686	1048	974	735	816	1070
HOF1	1008	1366	1219	1275	1349	1837
ARP9	1720	2221	1828	2265	2540	3097
CCS1	2035	2315	1887	2087	2567	3521
SUB1	1624	2124	1796	2012	2083	2881
ARG80	289	420	343	361	384	623
MCM1	2562	3358	2825	3198	3158	6661
NUP116	4178	5534	4397	4794	4704	7604
BUB2	122	141	137	123	146	167
SEN15	108	195	149	254	297	418
SAM37	691	1103	1023	782	807	1032
ARG7	3771	5288	4323	850	1157	1243
AEP1	1050	1222	1185	1279	1289	1888
KAR5	355	494	365	592	529	755
UBX4	682	732	729	757	848	1402
NAT4	68	89	95	84	84	121
MOT3	545	531	472	514	500	722
VPS20	718	924	910	840	859	1004
CTF18	1274	2006	1567	2078	2069	2695
SEC14	4079	5381	4349	3147	3510	4638
NAM7	3150	4772	3485	5076	5799	7888
ISF1	9	19	10	16	14	30
YTA12	5117	7716	6031	5382	5920	8398
NPL6	2200	2578	2688	2835	3242	3763
CTF13	242	395	347	364	381	427
ATP25	1010	1413	1205	1032	1117	1308
YMR099C	1636	1667	1722	1548	1789	2989
YPK2	662	921	831	821	913	1172
PGM2	3910	5111	4902	955	997	1394
YKU80	410	557	468	470	456	711
ILV2	7565	11167	7469	10239	11100	18817
MGR3	1548	2132	1933	1970	2099	2579
ASC1	9561	10729	8671	9268	11390	15276
RPL15B	1481	1630	1797	1133	1236	1662
STO1	4554	6474	5455	6778	7128	8488
SAS2	276	417	314	529	548	932
ECM16	3124	4874	3631	6511	7019	8256
GID8	785	1140	1075	1042	1026	1295
PSO2	329	503	468	428	433	544
CIN4	204	380	313	351	327	375
RIM11	1244	1228	1274	928	1017	1344
RPL13B	20712	33419	25011	30592	32992	44171
RPS16A	7512	13539	9721	11880	12803	11687
NDE1	4185	5489	5106	6053	6330	7646
IMP1	647	1198	978	694	718	971
RIM13	197	341	311	337	286	443
AIM36	933	1077	1242	596	795	713
YMR158C-A	75	50	67	63	98	94
YMR158W-B	0	2	0	0	0	8
ATG16	157	291	282	238	259	266
PAH1	1756	2150	1806	1765	2037	2682
MLH1	834	1014	994	1030	1161	1282
CEP3	395	576	552	583	606	779
DDR48	2259	3874	3305	979	1235	1043
PAI3	293	299	509	174	201	301
CTL1	221	269	258	297	256	431
HSC82	63334	76724	62652	61540	75066	73562
GCV2	6351	7621	7694	1890	2403	2851
GYL1	903	1186	1104	1037	1166	1583
MRPL24	1192	1568	1390	884	933	1160
RPL36A	6780	7233	7435	12823	15952	13133
ERG2	3211	4047	3376	3345	4042	4453
TOM40	2145	2400	2322	1844	2228	2652
ERG12	1855	2803	2067	1510	1773	1928
CEF1	784	924	920	1157	1157	1705
MRE11	580	821	666	630	673	874
MRPL44	703	997	1166	523	563	681
YMR226C	6901	10085	8816	9048	10685	12624
TAF7	510	1001	719	1040	1079	1128
RPS10B	4176	5348	5225	7229	8611	7767
PEP5	1488	2218	1908	1517	1455	1959
TAF9	836	1153	923	1171	1212	2075
RPL20A	9378	12995	10955	17175	19793	21033
ZRC1	2295	3149	2679	3762	3999	5282
RKR1	2253	2948	2395	3489	3904	4481
CUE1	2430	2950	2563	2348	2542	2429
PPA2	468	666	650	390	351	700
TMA23	30	74	63	185	139	167
SCS7	4837	5404	5391	4267	5054	6557
ZDS1	1319	1925	1591	1409	1433	2499
BUL1	1256	1820	1510	1633	1806	2536
CAT8	111	117	133	83	82	113
AEP2	730	1190	872	1105	1163	1365
RIT1	391	496	447	504	573	708
YKU70	750	1217	1133	813	744	975
MRPL33	816	1125	1208	767	826	1284
DSS1	1361	1933	1567	1436	1453	2044
HER2	188	327	269	242	209	285
JNM1	500	898	757	840	775	1256
LCB1	2167	2468	2281	2358	2642	4515
PRC1	7770	10420	9479	5542	6221	11209
YME2	2161	3422	2860	2123	2088	3138
ADH2	45	56	61	47	77	93
GAS1	14923	17481	14055	14695	17129	22498
PSE1	5558	7463	5454	11354	12101	15661
ELP6	259	340	323	203	248	302
ADH6	1827	2962	2264	2619	2779	5116
SNO4	2	2	6	0	1	4
RLP7	5160	6737	5956	12407	14112	11271
PET8	898	1448	1310	915	1011	1733
HRB1	2047	3498	2653	2970	3144	3803
MRP7	1492	2345	2050	1639	1777	3066
HEF3	368	553	452	366	355	488
PBI2	1821	2715	2839	909	1119	1610
PUB1	9608	10320	9697	9837	11143	19535
SSN8	337	400	452	354	367	573
SAM50	857	1317	1099	994	1044	1314
CRZ1	1104	1535	1367	1310	1393	1648
SIW14	649	931	882	889	838	975
NCE103	1166	1674	1643	1758	1808	2392
BDP1	1697	2528	1952	2525	2499	3090
COG6	2061	2643	2264	2270	2189	2701
SLM2	435	510	452	399	457	613
SFB2	2539	3400	2836	2563	2867	3501
COG5	815	995	980	977	975	1038
POR1	2271	2169	2104	1067	1272	1619
NOP2	5521	7765	6134	9419	10664	12770
GCD10	753	1156	892	1675	1954	3023
YDJ1	5885	9136	6628	8503	9240	14059
SUN4	1409	1755	1458	1374	1625	2377
RPL9B	3613	5461	4939	1971	2307	2173
YNL067W-A	1	1	0	2	0	2
YNL067W-B	1	1	0	0	1	0
RPL16B	11395	15240	11826	21177	22850	43255
TOM7	696	945	1140	534	646	694
LAT1	4301	5366	5296	3857	4723	7555
RNH201	650	774	653	546	696	899
MLF3	467	517	497	375	433	863
MKS1	835	1070	1055	984	1132	1547
NIS1	1477	1712	1536	1413	1552	2616
TPM1	7890	9654	10481	8331	8467	15543
SNN1	197	319	283	169	256	263
TOP2	5321	8520	6549	7396	7261	9645
RPS7B	9072	9480	10072	15621	18613	14656
YNL097C-B	61	52	79	42	55	32
RAS2	5687	8685	7619	4329	4318	6482
AIM37	519	819	695	758	717	1197
POL1	3501	4704	3774	4152	4560	5435
INP52	1056	1366	1210	1219	1477	1855
YNL108C	1976	2567	1898	2455	2892	2813
RPC19	1502	2146	1833	2845	3317	4244
DMA2	267	392	350	316	279	465
DCP2	3914	5176	4581	4481	4617	5624
NCS2	669	962	837	1480	1628	1890
TOM70	10571	13351	11874	7452	8043	9477
NMA111	3252	4253	3496	4369	5098	6786
ESBP6	656	638	628	744	823	1031
TOM22	5308	7123	7030	5256	5751	7467
FPR1	5372	8555	6442	5373	6132	5575
NAM9	2103	3429	2918	2373	2379	3898
SRV2	6134	6445	6144	4408	5214	6945
YSF3	231	271	408	297	323	380
THO2	2736	3656	3005	3293	3660	4114
RPC31	1258	2682	1799	3024	3307	2837
GIM3	1505	2136	1729	2831	3128	3085
RPL42A	4136	3132	3170	4300	5449	7484
RIA1	2819	4158	3074	4268	4524	5041
SKO1	652	577	697	463	496	813
MRPL22	2235	3249	2982	2015	2239	2251
RPS3	30248	47566	34430	31036	34777	38984
YNL179C	762	653	851	716	779	828
RHO5	3508	4899	4637	4087	3456	8770
MRPL19	987	1114	1351	898	968	1852
UBP10	2058	2412	2139	3137	3295	5455
SRP1	3717	5230	3986	4324	4844	6295
CHS1	4060	6774	4745	5651	5814	7801
SPS19	292	338	289	69	80	136
SPS18	74	154	91	174	163	308
SSB2	12072	16612	13262	19100	22698	27877
PEX17	180	282	263	240	229	330
RAP1	3499	4641	3827	3954	4586	6319
ADE12	5704	11469	7451	2308	2756	2892
ATG4	429	654	618	462	475	598
SQS1	1435	2240	1805	1874	1915	2704
URE2	1658	2727	1983	2201	2190	2682
PDR16	9721	12201	12171	6266	7782	7071
CSL4	2307	2710	2373	5287	6255	5753
SIN4	1547	2028	1698	2134	2147	2948
KEX2	1957	3178	2232	2759	2694	4897
LAP3	3299	3734	3508	1064	1264	1402
ZWF1	3362	3767	3683	2548	3099	5104
ATG2	1048	1450	1309	924	866	1300
SLA2	4944	6047	4875	4349	4884	7956
SUI1	3379	4183	3812	5205	5560	10211
RPA49	3162	4288	3147	6214	6866	6698
MRPL17	1550	1941	1916	1531	1585	1821
DSL1	1934	2746	2291	2499	2341	3166
POL2	3382	4770	3516	3822	4133	4932
PDR17	792	927	827	821	980	1493
PIK1	2177	2988	2408	3032	3202	4139
ALP1	24	25	44	41	42	75
BNI1	6525	8693	6895	7453	7328	11156
WSC2	744	746	707	464	483	689
MRPL10	1227	2199	1867	1671	1866	2408
PCL1	1803	2139	1816	1732	1889	2191
MSB3	612	974	804	809	892	1182
RIM21	1274	2031	1754	1892	1938	2778
MON2	3039	4014	3576	3380	3959	3933
CLA4	1064	1087	902	1083	1237	1891
RPL18B	1414	1700	1677	2212	2421	3457
RPS19B	9017	14251	10494	15607	17468	22568
BXI1	1069	971	1033	777	758	891
MRPS18	2948	4484	4109	2379	2598	3181
MCK1	1060	1607	1256	841	1014	1312
ZIM17	434	558	567	427	536	543
RFA2	1290	941	1179	1204	1399	1952
LEM3	2151	3313	2620	2898	3323	3910
PEX6	888	1248	1036	1122	1232	1520
RPD3	2243	3342	2658	2866	3041	3459
YRF1-6	0	0	0	0	0	0
CIT1	7188	9371	8445	4611	4871	5463
ATO2	17	17	24	8	12	33
RPC34	835	1223	1114	1456	1566	2472
VPS27	1141	1435	1296	1106	1220	1663
ATG3	585	938	967	624	642	745
CSE2	184	169	221	250	253	270
PRP2	1087	1579	1293	1655	1668	2198
SMM1	731	872	839	1242	1570	2271
ACC1	31052	43585	29845	31429	35053	46269
TIM23	1531	2055	1819	1144	1360	1654
ARE2	3338	4564	3872	3659	4669	4726
SNF12	1051	1406	1180	1415	1486	1635
SEC12	1048	1442	1125	1585	1838	2213
ALG12	1674	2318	1878	2104	2085	3054
ARC35	1671	2192	2097	1693	1927	3723
MVD1	2413	2549	2228	2367	3056	4169
AGA1	437	350	264	246	198	302
YNR048W	238	322	299	261	291	412
LYS9	3354	5115	3717	3839	4485	5333
POP2	1138	1662	1470	1099	1240	2241
NOG2	4759	8156	5103	12332	12237	12924
ESF2	753	1221	954	1736	1846	1980
YNR065C	507	849	624	1062	980	1503
DSE4	3314	4077	3965	2597	3107	3577
AIF1	428	1019	622	1037	1076	1254
PHO80	406	552	445	445	449	604
IZH2	984	1534	1281	2337	2433	3575
SIN3	7835	9857	8109	8258	9372	12455
RPB11	1882	2122	1901	1878	1934	3687
TOP1	2285	3715	2950	3631	3536	5429
HTZ1	492	742	523	529	567	1631
HRD1	1132	1442	1254	946	1036	1089
YOL013W-A	13	31	16	28	39	50
YOL013W-B	1	3	0	0	2	6
YOL019W	1338	1479	1156	1005	1185	1807
TAT2	1000	1633	1318	1549	1596	2481
DIS3	4380	5580	4425	7896	8898	10524
LAG2	563	576	571	446	515	605
MIM1	710	1023	971	704	750	1149
MDM38	4158	4757	4362	3554	4044	5144
SIL1	858	1421	1271	1042	1115	1717
MSE1	699	944	879	532	539	837
RPP2A	17938	34109	25832	36531	41480	53766
RPS15	36399	56079	33752	55022	61843	73801
NTG2	429	798	639	644	579	603
PEX15	283	432	362	250	313	431
GAL11	2828	2992	2737	2429	2542	4549
DDR2	724	651	1297	187	209	294
ARG1	5276	6360	5484	282	739	541
GPD2	2217	2625	2335	1306	1730	2936
APM4	1190	2193	1672	2105	2210	2861
CRT10	984	1453	1293	1382	1371	2044
MET22	1762	2492	2110	1145	1397	1268
RIB2	1071	1517	1325	1648	1644	2351
EMI5	1587	2136	2257	927	1033	1139
THP1	522	583	588	743	751	937
MDM20	1856	2623	2188	3100	3069	3829
IRA2	4430	5243	4543	4116	4244	5942
ATG19	3318	3288	3601	1464	1616	1508
ATG34	543	784	761	335	293	447
ADH1	154451	129152	130736	37566	54733	77983
MSH2	2824	3461	2882	2791	3069	3580
SPO21	100	128	137	199	151	220
WRS1	2851	4210	3176	5133	5588	6714
TPT1	232	370	322	307	324	465
ITR2	3066	4945	3565	5586	5257	9388
NDJ1	58	93	77	18	19	38
SHR5	223	164	214	199	272	417
MDY2	436	700	689	391	419	755
PAP2	1504	2248	1712	2632	2725	4192
MSN1	508	588	583	545	517	786
RRI2	503	784	685	522	515	651
RPL18A	16112	23078	16376	21700	25894	33642
RPS19A	4937	7536	6295	9414	11100	12797
SMF1	1901	2390	2057	1810	2110	2326
HRP1	5532	7860	5885	6286	6881	11396
RPL25	44173	48347	43001	62168	77707	39476
ALR1	1638	2545	1979	2324	2327	3392
HRT1	1162	1932	1469	2154	2630	2762
PFK27	353	598	519	501	458	704
RTC1	1082	1680	1252	1540	1480	2429
CDC33	5293	9179	7020	10059	11191	12610
PPM2	330	453	340	584	734	874
RRP40	1370	1849	1509	1821	2128	2399
CTR9	4098	6314	5122	6154	5862	7945
PEX11	682	946	903	695	832	1117
SPT20	1031	1452	1166	1440	1541	2429
HXT11	2	7	9	16	22	12
ENB1	3164	3640	4382	1826	2721	2710
DNL4	781	927	879	821	835	1113
SLG1	1627	2159	1781	1781	1865	3508
TIR2	11	10	3	16	25	38
RTS1	3616	3857	3575	3150	3302	3995
ROD1	1105	1449	1308	1017	1112	1415
HSP10	1957	1951	1919	1034	1533	1872
YOR024W	0	7	5	6	6	13
CIN5	256	245	319	471	446	751
DFG16	515	735	694	850	710	1324
EXO1	917	1426	1281	1427	1548	2102
SHE4	1308	2076	1723	1538	1603	1892
PEP12	770	1232	1061	1488	1466	2328
HIR2	877	1474	1077	1407	1519	1657
CKB2	1296	1676	1413	1626	1755	2393
YOR041C	24	14	22	51	32	99
TOM6	674	986	950	771	927	915
DBP5	4282	5871	4973	5982	6460	8444
STD1	1442	1698	1660	1573	1756	2560
RAT1	4078	5895	4849	6712	7163	9874
YOR050C	1	1	0	6	8	7
ETT1	2865	4095	3260	5074	5459	6750
YOR052C	960	1441	1329	1007	1107	1846
YOR053W	10	18	8	5	5	33
VHS3	1344	1962	1622	1107	1093	1649
YOR055W	6	8	6	6	4	7
NOB1	1365	1943	1589	3009	3374	4980
SGT1	1256	1735	1601	1127	1212	1683
ASE1	1637	2060	1977	2277	2381	3375
YOR059C	732	1307	977	1221	1288	1676
SLD7	300	490	396	709	651	907
CKA2	3737	4716	3915	5518	6101	6423
YOR062C	457	650	664	466	453	664
RPL3	45684	55965	45616	54070	63926	97791
YNG1	448	747	565	597	717	772
CYT1	1636	2065	1863	1909	1495	2764
MSA1	455	431	458	579	587	941
ALG8	2002	3059	2259	2914	3169	3303
VAM10	5	2	5	14	12	27
VPS5	1675	2496	1907	2182	2204	2874
GYP1	775	867	923	745	814	1272
NRT1	469	572	501	532	533	681
YOR072W	7	5	4	6	7	18
SGO1	895	1077	871	967	953	1237
CDC21	1109	1665	1326	1436	1548	1943
UFE1	623	766	765	707	662	797
SKI7	960	1137	1033	1287	1360	1604
RTS2	245	340	322	358	316	572
BUD21	962	1630	1420	2009	2045	3446
ATX2	427	609	587	667	718	957
DIA2	1034	1636	1375	2138	2117	2883
TGL5	577	494	481	504	529	706
YVC1	1896	2998	2287	1826	1872	2607
VPS21	1669	2845	2280	2753	2725	3796
PTC5	1889	2247	2045	1654	1828	2392
TMA46	2094	3015	2152	3507	3695	5620
ECM3	1992	2480	2065	1012	1099	1539
ARF3	345	638	497	756	757	1010
RPS7A	7336	9773	8106	12465	15532	18460
VAM3	1325	1535	1355	1501	1649	1646
INP53	3246	5433	3817	4436	4443	6499
TFC7	998	1303	1115	1111	1110	1686
RPO31	4395	7497	5136	8036	8734	11699
RPT5	6704	10956	8184	8899	10305	11558
RIO1	708	1122	805	1460	1506	2037
GCY1	604	653	868	350	387	676
PFY1	4434	7362	5992	4752	4999	5311
CAT5	1013	1298	1316	750	761	1146
RGA1	2701	3250	3131	3277	3593	4689
ORT1	948	1761	1336	524	658	639
VPS17	2119	2633	2468	1757	1977	2619
ELG1	440	580	509	568	501	754
PNO1	3372	4967	4059	6990	7507	8417
SMP3	544	787	654	620	644	874
MRPL23	713	1069	1094	555	701	949
RPB2	11422	15629	11215	16048	16159	20172
PDR5	75681	101912	93361	27658	38530	41281
NFI1	537	675	603	445	475	717
SME1	334	642	511	785	725	906
MTR10	926	1188	937	1459	1540	1784
YRR1	618	927	862	694	801	975
GET4	3705	4523	4260	4325	4758	5431
RPS28A	3112	4174	5481	6148	7745	12062
GLN4	8427	11800	8777	12627	14471	16483
ALE1	3956	4839	4158	2562	2871	3965
DCI1	136	204	187	236	252	363
LAS17	808	835	705	714	803	1106
RPS30B	11264	7119	9139	13467	15991	28298
SER1	6531	8798	7656	3552	4042	4634
GSP2	1454	2204	2450	669	711	1129
TUF1	6449	8762	7650	4797	5117	7177
SPR1	32	79	34	49	52	53
ULS1	4345	5919	4782	5240	5202	6435
MCA1	2486	3817	3110	3674	4100	6242
MRM1	240	387	337	877	922	1544
HIS3	0	1	0	630	753	1160
DED1	3632	4562	3131	7388	9127	13328
GEP3	613	1045	789	917	906	1285
RET1	3467	4811	3510	7525	8039	9422
RPB10	1679	1777	1730	2238	2551	2718
MGM1	1929	2768	2200	2378	2677	3725
STE4	3169	4467	3206	3933	4011	6931
RUD3	2638	3525	3099	2984	2872	4278
RFC1	2818	4638	3063	4380	4327	6132
STE13	1959	2510	2168	1938	2103	2794
RCN2	764	676	793	796	890	1154
ODC2	5664	6792	5907	2956	3343	4223
RPB8	1979	3109	2529	4761	5255	5796
ISU2	859	1475	1119	1679	2281	2339
MKK1	604	883	680	875	817	1395
MGE1	4653	7380	6076	5836	6151	8019
KIN4	1250	1402	1175	1245	1355	2017
RPL33B	1344	1180	1285	1569	2157	3377
HES1	57	120	83	85	82	145
ABP140	6598	9065	7085	7887	8736	9403
MET7	1539	2233	1881	2354	2609	3441
ESA1	1197	1506	1373	1454	1563	1973
YOR248W	18	22	19	12	14	17
APC5	608	912	745	792	846	1210
TMA16	1677	1932	1903	3446	3821	4317
NAT5	915	1261	1162	1524	1746	1525
SEC63	5702	8651	6928	7729	8785	9367
CDC31	520	1148	819	1159	1170	1258
RPT4	5716	9309	6607	6982	7254	10032
GCD1	3640	4496	3488	5323	6115	7043
CAF20	2327	3356	3151	4463	5409	7175
HEM4	254	283	289	254	288	444
RDL2	803	946	1053	636	759	1390
SNF2	4305	5857	5057	4823	5294	7209
RPS10A	17662	18808	17854	24554	28489	26258
MBF1	11730	15002	12529	11008	12925	10659
YOR300W	3	11	15	20	17	48
NOP58	9343	12995	8927	13767	15244	13840
DGK1	1434	2175	1955	2382	2665	2413
RPL20B	9199	13756	11979	17742	19809	28140
LDB19	1706	2009	1785	2041	2287	3158
FRT1	900	1381	1128	1214	1287	1623
MYO2	8047	10742	8863	8061	8218	10991
SCD5	885	948	796	735	788	1076
MIP1	1957	2756	2555	2851	2915	4486
YOR333C	6	7	5	8	7	17
ALA1	10294	13708	10043	12351	14294	18479
RPA43	2196	3189	2364	4799	4746	5760
RPA190	12990	19691	12745	25872	27971	36575
YOR343W-A	0	0	0	0	0	0
YOR343W-B	101	94	109	131	88	186
TYE7	1322	1329	1303	423	475	709
MEK1	3	2	6	7	11	12
SNX3	498	776	792	446	522	529
PDE2	676	958	816	1070	1144	1572
PRT1	9938	12602	8850	13487	15215	18705
PIP2	1125	1324	1204	1315	1441	1914
RPS12	15673	24588	18598	33617	36187	45494
MRS6	2786	4309	3183	3735	4078	6152
GPB1	1269	1512	1280	1384	1458	2176
ALD4	2174	2855	3270	1482	1594	2045
GDH1	8966	13475	9306	8907	9685	16895
HAT1	845	1168	940	1112	1167	1192
SNF8	546	969	808	609	648	729
ULA1	643	943	830	932	974	1409
TFC8	592	920	746	831	812	976
CHL1	664	1117	872	959	848	1331
TAF3	1233	1480	1477	1613	1754	2274
SWI1	1214	1314	1228	995	1058	1625
CTF19	254	455	252	288	326	411
VTC3	5693	10156	5740	2240	2266	3181
ULP1	1847	1946	2186	2480	2387	3219
ECM23	0	0	0	0	0	0
RAD1	2483	4091	3208	4066	3835	5289
RMI1	365	549	460	787	789	1193
SKS1	998	1375	1213	942	921	1773
ERG10	6691	8636	7066	7904	9134	9716
SUV3	876	1389	1243	1011	1117	1237
PHO85	811	870	905	712	774	1050
ISM1	641	909	817	746	722	1098
SSN3	937	1518	1265	1239	1341	1990
NOP4	4357	6768	4752	10477	11154	13092
VPS16	1030	1676	1327	1391	1592	1935
CAM1	6516	7705	8187	3835	5054	6349
DIG1	1568	2194	1690	1849	1922	3571
OAZ1	265	424	370	432	439	576
KTR6	3083	4585	3811	4803	5202	5990
SUR1	901	1017	1159	886	993	1436
MFM1	253	366	279	433	400	626
ALD6	11178	10930	10699	8081	10040	12440
VPS28	423	469	557	293	298	430
GCR1	1895	2880	2312	1495	1366	2303
GPI2	77	98	97	95	152	176
ATP4	4338	5571	5283	5776	5690	5802
RPL21B	4222	4864	4629	6549	7219	10615
RPS9A	7613	11750	8981	1982	2038	2926
MOT1	3398	4547	3813	4706	4928	6602
SEN54	975	1122	1064	943	1019	1357
BRO1	2220	3221	2541	2938	2995	4002
SEC16	4263	4825	3830	3588	4186	5310
ELP3	1693	2260	1789	3517	3762	4208
RPS6A	8269	11221	8451	11403	11864	11588
GLR1	4102	6495	5001	6345	7222	8429
SSU1	565	797	733	208	302	273
SEC62	4908	6678	5715	5867	6552	8791
ERI1	114	119	108	102	115	171
AIM43	492	651	717	397	418	539
ATG21	1170	1644	1368	1384	1519	1865
ELP4	1381	1926	1682	1616	1774	2699
MSD1	1543	2527	2442	1437	1596	1673
SYH1	2082	2322	2187	2710	2894	4054
SSE1	49617	63649	53449	37051	44867	46910
CAR1	1446	1859	1600	741	934	1422
IDI1	3214	4366	3614	5071	5858	6553
DBP1	541	818	837	436	404	557
VPS30	405	574	558	471	449	575
MEI5	2	4	1	2	1	6
SPC29	786	836	750	807	868	640
KAP120	1760	2377	2078	2190	2369	3053
NAN1	3517	4144	3166	5462	6160	6569
TBF1	1138	1391	1198	1578	1779	2705
TAF14	2134	3013	2422	3177	3271	4640
RPL5	51260	51144	43908	66132	75017	101323
COX11	901	1473	1121	858	976	1098
ODC1	270	465	416	389	401	581
ISU1	1703	2089	2307	892	1067	1737
SPP1	1004	1258	1179	1097	1258	1405
UME1	496	831	643	797	893	782
MKK2	439	727	549	694	699	1038
RPL33A	5536	8569	7312	9566	12126	14649
POC4	299	539	434	485	480	718
KES1	5496	5816	5708	4578	5398	7715
NOP53	2021	2992	2526	3772	3286	4505
PXA1	299	451	443	305	286	416
ATG5	228	306	306	308	352	556
PRP46	663	1013	822	1121	1156	1781
RRD2	520	610	627	528	563	815
RAD53	701	1015	885	767	906	1337
PEP4	10115	11172	13041	7047	8381	12383
CDC60	21029	27169	19768	27274	31875	37419
BEM4	625	891	679	892	891	947
REV3	605	956	825	818	730	977
OYE3	83	98	105	50	64	65
MRPL40	736	1061	1055	686	803	1256
NIP100	685	878	829	1184	986	1346
SPT14	381	544	525	531	516	945
CBC2	1348	2381	2096	1902	2018	2338
PPQ1	873	1065	991	929	1010	1337
CTI6	1421	2136	1814	2431	2483	3552
RTT10	1732	2782	2030	4290	4527	6061
RTC6	774	1012	984	749	773	960
MRN1	1078	1508	1269	1129	1125	1672
MF(ALPHA)1	7294	7499	9746	9754	12015	15536
NAB3	2395	2845	2438	2677	3025	4147
APL5	3696	6420	4695	5190	5072	5829
RPL7B	2460	2463	2836	976	1303	1655
TPK2	853	1276	1055	625	618	901
HRR25	2592	3234	2882	3425	3957	5518
IPL1	316	454	388	363	409	578
RPL1A	1839	2233	1680	4045	4608	7481
FLC1	1873	2563	2080	2173	2400	4008
MMT2	719	1030	962	582	687	947
CET1	2021	2442	2144	2496	2641	3463
USV1	114	91	144	57	42	100
VMA11	1513	1937	1899	2248	2739	3914
RVB2	4009	5352	4112	7021	7997	8659
HSP82	9820	11086	10409	3655	4293	4444
IQG1	2442	3341	2796	3411	3327	4049
GAL4	89	101	98	65	68	130
RPL36B	12196	15466	13242	20682	22409	27489
HFI1	875	1619	1132	1485	1572	2266
APM1	2349	2922	2505	3018	3240	3364
DIM1	1665	2593	1915	3509	3788	4978
ATP15	2751	2925	3247	2016	2475	3023
YPL276W	1	0	0	0	0	0
YRF1-7	0	0	0	0	0	0
REC8	21	25	37	44	31	61
RPA135	5805	8158	5850	13534	15316	20114
TIF6	2786	4397	3233	7031	7826	10910
RLF2	1184	1441	1406	1612	1757	2074
MCM4	2242	2760	2175	2708	3140	3701
YME1	2520	3783	2960	3428	3494	5665
YOP1	1526	1965	1908	2911	3190	3663
CSR2	152	229	204	118	124	216
SRO7	1040	1295	1129	977	1262	1319
HTS1	6222	8654	6594	7485	7693	9333
ARP7	1497	1995	1785	2094	2286	3669
VMA13	6918	9193	7460	7482	8991	10279
TIF5	3050	6137	4011	7245	7617	10752
RPL43A	9653	17913	14710	17846	21976	21742
THP3	1308	1697	1607	1739	1724	2503
MSF1	1587	1568	1653	790	885	1139
ATG11	1196	1560	1422	1075	1043	1204
MAK3	995	1484	1215	1442	1493	1758
ARO7	954	1265	1138	1777	1714	2150
FCY1	2067	4768	3140	5488	5887	5434
ROX1	1242	999	1130	1217	1397	1830
TEF1	5983	7131	6858	4323	4735	8382
DIB1	788	1393	1014	1051	1015	1141
SUA7	3209	4964	4201	5659	6021	7616
SRP54	4689	8137	6046	6698	7503	8127
YPR089W	2238	2949	2439	2571	2911	2909
SNT309	307	553	459	634	577	687
RPL11A	8946	8640	8956	10045	13267	8577
PRE2	4418	7534	6017	5844	6768	7973
FHL1	2093	3180	2635	3195	2922	4756
COG4	1654	2386	2080	2627	2772	3296
RPC40	3735	5253	4271	7567	8287	11081
RGC1	3146	4265	3617	3021	2895	4615
AXL1	1086	1410	1164	1264	1266	2107
YLH47	1203	1665	1484	1253	1394	1601
SCD6	4343	4355	3852	3736	4068	5001
NAT3	602	887	881	579	777	906
RPS23B	11487	15353	12987	22383	25763	34755
SPN1	3808	4948	4709	4833	4966	6248
TOM5	1843	1784	2450	1546	2020	1762
CTF4	1873	2432	1951	2066	2287	2827
VPS66	955	1312	1085	1310	1324	2102
KAR3	819	1107	1063	946	898	1199
NOC4	784	870	799	1357	1714	2317
NCE102	9452	8460	8304	8280	8069	13033
PIN3	956	1030	887	733	684	1833
KRE6	6011	7578	5968	6826	7918	8817
SGV1	1404	2010	1579	1892	2034	3156
TIF3	15236	21593	15560	15906	18124	24081
MMS1	1393	1833	1508	1879	1918	2625
NUT2	185	205	261	267	270	271
VPS4	2768	3975	3298	4241	4564	6411
PRP4	820	1107	1027	1106	1263	1572
HDA3	990	1236	1116	1167	1246	1400
AOS1	793	1001	852	907	951	1186
SMX3	111	109	112	83	119	433
DPM1	842	705	717	733	865	1836
ATG13	1354	1781	1720	1213	1123	1813
PZF1	575	860	682	1011	964	1110
RPO26	3437	6445	5100	6814	7335	8358
SKI3	3872	4786	3905	5124	5655	6474
RPC82	1548	2037	1716	2943	3515	4169
QCR2	1798	2219	2044	2697	2691	4131
HPA2	37	77	34	97	103	105
SGE1	578	849	671	889	1037	1191
ARR1	568	808	688	685	718	820
ARR2	46	43	30	50	50	100
ARR3	159	204	94	123	133	133
SNR128	0	0	0	0	0	0
SNR14	0	0	0	0	0	0
SNR17A	0	0	0	4	11	0
SNR17B	61	68	192	225	348	146
SNR19	38799	61046	61323	51903	44246	121766
SNR24	0	0	0	0	0	0
SNR6	0	0	0	0	0	0
SNR7-L	4	6	19	16	11	91
SNR7-S	0	0	0	0	0	0
SNR72	11	2	11	5	1	13
SNR73	25	32	17	41	31	208
SNR74	142	62	248	115	143	231
SNR75	15	14	51	16	19	36
SNR76	98	99	133	95	101	91
SNR77	73	91	49	159	147	144
SNR78	0	1	4	9	1	5
SNR79	16	13	14	29	29	34
SNR82	0	0	0	0	0	0
SNR83	63913	31135	84731	85288	101854	53967
SNR84	14173	23060	24525	27354	26765	39302
SUP51	0	0	0	0	0	0
CDC65	0	0	0	0	0	0
SUP19	0	0	0	0	0	0
SUP16	0	0	0	0	0	0
